151.106	193.975	250	228.983	172.302	250	171.64	182.998	229.945	138.467	250	250	250	218.481	250	192.55	133.502	140.119	68.0682	77.2339	58.7545	177.434	154.801	168.084
121.252	250	249.129	218.176	142.661	250	250	250	250	152.369	103.748	242.994	250	190.666	250	146.642	81.3227	139.281	130.562	98.4331	105.111	148.329	181.231	179.246
126.184	244.942	229.488	250	244.671	138.876	199.712	250	117.047	129.039	250	218.952	250	195.515	250	250	188.551	104.491	171.972	90.7426	104.312	186.52	244.87	156.77
134.722	244.611	250	179.518	250	225.283	161.051	250	250	229.053	250	250	159.419	196.625	250	250	91.2656	100.558	122.492	140.58	117.595	162.348	200.132	210.882
139.92	224.215	250	250	250	151.939	250	250	250	250	174.1	250	242.962	250	250	127.694	92.507	93.1818	69.0531	65.8319	116.652	124.251	188.537	137.972
159.889	250	250	250	250	204.632	250	246.034	250	250	250	250	246.69	250	160.932	250	84.2438	156.94	139.541	122.772	164.864	111.125	248.642	157.882
173.862	127.739	190.242	173.408	250	203.24	250	250	222.683	203.705	250	250	198.096	210.365	250	250	77.6504	129.705	135.254	44.9769	71.3574	131.391	236.796	216.655
188.078	188.253	250	250	229.564	250	250	250	211.599	217.572	250	250	143.353	218.517	250	250	166.184	118.528	116.443	184.78	87.8521	212.228	106.912	236.598
117.291	246.993	214.754	231.355	250	181.151	250	229.528	250	125.89	250	250	250	250	242.071	231.563	142.959	153.765	118.055	140.038	154.166	125.493	205.97	156.733
183.706	177.566	239.764	250	250	176.708	250	250	196.736	250	250	250	250	250	209.379	152.668	100.464	193.998	154.189	119.795	132.757	188.231	250	71.4703


104.516   190.963   221.361   250   218.233   250   250   250   249.362   250   250   250   250   188.335   250   250   121.903   162.926   132.816   146.26   167.473   167.359   237.025   157.603   
153.497   179.74   206.365   246.318   250   241.414   250   250   192.334   193.895   250   250   244.896   225.567   190.774   201.957   85.1568   112.379   124.562   129.589   119.602   168.429   205.61   185.007   
139.496   175.122   219.957   250   179.206   250   250   250   228.605   231.155   250   196.264   250   250   207.586   181.674   114.192   88.0947   118.884   108.403   102.968   152.639   174.639   149.848   
127.993   224.98   250   250   250   224.412   250   250   199.102   165.901   250   250   250   250   195.683   161.963   92.1589   135.313   136.187   111.852   128.352   177.987   169.142   127.682   
114.175   236.318   235.993   235.893   250   250   250   250   173.43   238.671   250   250   236.162   250   183.15   189.169   108.527   113.509   116.264   75.117   127.693   193.842   210.531   136.962   
128.044   155.158   250   250   250   250   250   250   250   233.509   247.396   250   250   236.332   230.593   196.159   102.705   108.053   165.275   99.3395   129.342   163.98   226.365   150.61   
137.747   196.548   193.719   244.976   182.052   250   250   242.411   162.598   228.243   206.719   250   250   182.924   177.538   213.722   98.0626   105.697   145.06   92.0298   144.16   177.797   169.212   171.144   
112.76   212.16   232.826   215.944   198.207   190.174   250   250   250   250   250   250   250   250   195.034   233.586   113.934   114.548   149.217   95.557   123.577   170.169   204.812   145.309   
150.749   176.498   210.107   250   182.481   250   175.324   250   208.211   202.612   208.935   250   191.223   220.586   250   235.63   113.068   122.489   98.6311   127.253   137.919   131.945   197.66   169.573   
144.584   230.02   226.83   250   250   221.164   239.508   250   227.194   250   250   246.563   212.169   215.291   250   229.646   114.129   133.92   106.52   128.814   122.908   216.549   120.79   150.633   


104.516	190.963	221.361	250	218.233	250	250	250	249.362	250	250	250	250	188.335	250	250	121.903	162.926	132.816	146.26	167.473	167.359	237.025	157.603
153.497	179.74	206.365	246.318	250	241.414	250	250	192.334	193.895	250	250	244.896	225.567	190.774	201.957	85.1568	112.379	124.562	129.589	119.602	168.429	205.61	185.007
139.496	175.122	219.957	250	179.206	250	250	250	228.605	231.155	250	196.264	250	250	207.586	181.674	114.192	88.0947	118.884	108.403	102.968	152.639	174.639	149.848
127.993	224.98	250	250	250	224.412	250	250	199.102	165.901	250	250	250	250	195.683	161.963	92.1589	135.313	136.187	111.852	128.352	177.987	169.142	127.682
114.175	236.318	235.993	235.893	250	250	250	250	173.43	238.671	250	250	236.162	250	183.15	189.169	108.527	113.509	116.264	75.117	127.693	193.842	210.531	136.962
137.747	196.548	193.719	244.976	182.052	250	250	242.411	162.598	228.243	206.719	250	250	182.924	177.538	213.722	98.0626	105.697	145.06	92.0298	144.16	177.797	169.212	171.144
112.76	212.16	232.826	215.944	198.207	190.174	250	250	250	250	250	250	250	250	195.034	233.586	113.934	114.548	149.217	95.557	123.577	170.169	204.812	145.309
144.584	230.02	226.83	250	250	221.164	239.508	250	227.194	250	250	246.563	212.169	215.291	250	229.646	114.129	133.92	106.52	128.814	122.908	216.549	120.79	150.633
150.749	176.498	210.107	250	182.481	250	175.324	250	208.211	202.612	208.935	250	191.223	220.586	250	235.63	113.068	122.489	98.6311	127.253	137.919	131.945	197.66	169.573
128.044	155.158	250	250	250	250	250	250	250	233.509	247.396	250	250	236.332	230.593	196.159	102.705	108.053	165.275	99.3395	129.342	163.98	226.365	150.61

