0.014502809
0.005687008
0.011090068
0.008531852
0
0.014786757
0.00540306
0
0
0
0.019905868
0.013364336
0.009667646
0.003980638
0.025592877
0.00710943
0.003128792
0.017061025
0.012796438
0.005119111
0.003980638
0.002844844
0.001990319
0
0
0
0.017631601
0.004835162
0.006825481
0
0.012228541
0.016777076
0.006541533
0.016777076
0.009383698
0.0088158
0
0
0.007232653
0.005357521
0.009911413
0.009911413
0.004821769
0.004286017
0.01419743
0.007500529
0.009107785
0.005357521
0.023305215
0.004553893
0.004553893
0.004821769
0.006161149
0.030269992
0.01687619
0.022501587
0.003214512
0.003214512
0.074201662
0.020894331
0
0.020626455
0
0
0
0.010447165
0
0
0.007500529
0
0
0
0.017679818
0.018215571
0.012590174
0.018215571
0.016340438
0.019019199
0.010447165
0.034823885
0
0.014465306
0.005357521
0.002946636
0.006429025
0.005625397
0
0.01285805
0
0.020894331
0
0.017411942
0.003214512
0.008036281
0.011250794
0.010179289
0.004018141
0.009107785
0
0.009911413
0.005893273
0.00133938
0.006161149
0.010179289
0.008304157
0.01151867
0.007500529
0.000535752
0.002143008
0.010447165
0
0.006696901
0
0.002274268
0.006254905
0
0.005687008
0.008839909
