75	51	31.5	45	82.5	112.5	136.5	169.5	195	217.5	225	222	210	196.5	183	157.5	148.5	127.5	121.5	112.5	127.5	126	135	120
65	112	115	111	121	141	145	143	130	127	139	143	141	134	133	115	93	74	67	65	75	66	86	53
154.5	164	145	135.5	150	165	157.2	157.5	165.5	172	181.4	180.4	174.5	161.5	153.5	141	118.7	90.4	93.5	110.8	126.6	131.7	168.5	161.8


75	51	31.5	45	82.5	112.5	136.478	168.472	189.65	203.761	207.458	206.037	199.571	190.734	180.285	157.161	148.379	127.496	121.499	112.5	127.496	125.997	134.983	119.999
65	109.466	111.694	108.694	115.738	125.329	126.621	125.997	120.76	119.223	124.614	125.997	125.329	122.608	122.167	111.694	92.7796	73.9982	66.9999	65	74.9975	66	85.9451	53
143.158	147.247	137.987	131.656	140.851	147.62	144.424	144.56	147.802	149.958	152.437	152.205	150.686	146.268	142.667	135.464	117.833	90.3925	93.4843	110.47	124.706	128.802	148.847	146.389



