88.3131	146.801	151.399	161.56	144.845	153.093	162.275	123.676	155.199	140.268	175.968	161.255	230	155.082	133.201	130.999	124.901	84.7399	64.6199	89.5019	171.283	131.812	230	188.538
52.6401	128.492	101.53	114.609	104.156	95.7437	135	135	95.9187	135	108.243	102.541	135	135	127.102	88.9361	62.9989	69.5452	85.181	72.1316	107.524	48.8805	89.7862	65.0558
160	124.495	160	116.892	107.959	160	154.066	160	160	160	160	160	66.4284	115.309	126.488	146.244	149.645	92.895	93.2151	71.9731	78.8966	129.523	160	141.613
																							
88.3131	146.801	151.399	161.56	144.845	153.093	162.275	123.676	155.199	140.268	175.968	161.255	230	155.082	133.201	130.999	124.901	84.7399	64.6199	89.5019	129.602	139.564	172.952	209.713
52.6401	128.492	101.53	114.609	104.156	95.7437	135	135	95.9187	135	108.243	102.541	135	135	127.102	88.9361	62.9989	69.5452	52.8548	61.3372	85.5429	61.4259	72.1577	54.1018
160	124.495	102.008	142.223	156.664	160	130.462	160	160	139.684	160	160	151.878	160	160	138.446	116.656	76.2752	99.45	134.442	160	150.009	160	160

88.3131	146.801	169.98	171.82	178.043	171.976	202.43	118.518	99.3749	192.395	201.39	170.196	184.587	113.656	149.613	160.545	159.574	135.706	81.752	93.4948	133.051	184.288	182.235	169.844
52.6401	128.492	101.53	114.609	104.156	99.6218	135	135	107.441	120.301	114.75	135	135	130.523	135	95.0947	74.7542	62.646	58.0684	56.3131	89.1423	63.2542	70.9166	57.5267
160	124.495	102.008	142.223	156.664	160	130.462	160	160	139.684	160	160	151.878	129.085	160	110.136	119.704	69.9115	124.05	110.956	160	140.456	160	160
																							
88.3131	146.801	151.399	161.56	144.845	153.093	162.275	123.676	155.199	140.268	175.968	161.255	230	155.082	133.201	130.999	124.901	84.7399	64.6199	89.5019	129.602	139.564	179.722	139.131
52.6401	128.492	101.53	114.609	104.156	95.7437	135	135	95.9187	135	108.243	102.541	135	135	135	120.14	79.2257	70.17	56.5173	86.3123	80.4159	76.7937	43.0587	38.7065
160	124.495	102.008	142.223	156.664	160	130.462	115.132	160	145.506	160	160	152.265	145.08	160	110.464	156.317	61.986	116.241	110.673	107.57	123.278	160	160
																							
88.3131	146.801	151.399	161.56	144.845	153.093	162.275	118.725	187.047	202.416	148.163	144.445	227.272	180.314	161.489	128.248	112.778	98.2626	135.314	139.787	107.657	88.0335	176.127	120.622
52.6401	128.492	101.53	114.609	104.156	95.7437	135	135	95.9187	135	108.243	102.541	135	135	127.102	88.9361	62.9989	69.5452	85.181	72.1316	78.4841	81.1687	105.801	60.3633
160	124.495	102.008	142.223	156.664	160	130.462	160	160	139.684	160	160	160	155.102	110.525	136.824	124.486	27.1394	89.4673	114.782	102.555	148.617	160	147.955
																							
88.3131	146.801	151.399	161.56	144.845	153.093	162.275	123.676	155.199	140.268	175.968	161.255	230	112.69	196.512	127.032	159.378	116.755	115.407	148.404	133.186	97.4558	196.341	191.882
52.6401	128.492	101.53	114.609	104.156	95.7437	135	135	95.9187	135	108.243	102.541	135	135	127.102	124.825	116.116	78.3379	39.0903	66.2206	88.5108	63.3851	68.1131	56.0594
160	124.495	102.008	142.223	156.664	160	130.462	160	160	139.684	160	160	151.878	129.085	160	130.107	160	68.438	111.044	90.6967	131.174	110.113	160	108.305
																							
88.3131	146.801	151.399	161.56	144.845	153.093	162.275	123.676	155.199	140.268	175.968	161.255	230	155.082	133.201	130.999	124.901	84.7399	101.042	82.5748	186.949	96.9906	211.986	113.766
52.6401	128.492	101.53	114.609	104.156	95.7437	135	135	118.321	126.026	114.486	135	135	125.044	100.691	109.108	92.6497	104.157	64.9887	52.069	56.4485	69.6209	62.2301	52.3692
160	124.495	102.008	142.223	156.664	160	130.462	160	160	139.684	160	160	151.878	129.085	160	107.986	144.871	132.532	99.3121	100.771	129.844	156.599	152.538	160
																							
88.3131	146.801	151.399	161.56	144.845	171.241	162.893	112.042	205.286	165.264	226.745	198.063	165.671	155.542	169.651	165.417	111.597	68.9404	130.556	54.4499	110.877	116.905	230	186.749
52.6401	128.492	101.53	114.609	104.156	95.7437	135	135	95.9187	135	108.243	102.541	135	135	127.102	88.9361	62.9989	69.5452	85.181	72.1316	63.7861	73.0495	91.9742	65.0369
160	124.495	102.008	142.223	156.664	160	130.462	160	160	139.684	160	160	151.878	129.085	160	110.136	119.704	69.9115	124.05	110.956	160	140.456	160	160
																							
88.3131	146.801	151.399	161.56	144.845	153.093	162.275	123.676	155.199	140.268	175.968	161.255	230	155.082	133.201	130.999	124.901	84.7399	64.6199	89.5019	124.265	148.771	178.013	149.401
52.6401	128.492	101.53	114.609	104.156	95.7437	135	135	96.9861	135	135	130.755	135	135	135	85.2766	108.01	65.0811	75.2582	64.7852	84.2455	58.3167	59.0617	45.493
160	124.495	102.008	142.223	156.664	160	130.462	160	160	139.684	160	160	151.878	129.085	160	110.136	119.704	69.9115	124.05	110.956	160	140.456	160	148.194
																							
88.3131	146.801	151.399	161.56	144.845	153.093	162.275	123.676	155.199	140.268	175.968	161.255	230	155.082	133.201	177.901	104.245	70.2984	93.7812	131.491	163.132	135.813	130.199	158.023
52.6401	128.492	98.7523	54.4689	107.561	135	98.4834	117.434	131.045	135	135	135	135	135	113.218	99.716	85.4945	120.075	72.1877	81.1615	72.8324	71.8593	59.8076	48.9919
160	124.495	102.008	142.223	156.664	160	130.462	160	160	139.684	160	160	151.878	129.085	160	110.136	119.704	69.9115	124.05	110.956	121.527	132.49	160	160
																							
88.3131	146.801	151.399	161.56	144.845	153.093	162.275	123.676	155.199	140.268	175.968	161.255	230	162.099	135.955	142.837	88.2683	80.4788	103.493	126.698	130.411	130.269	194.36	127.384
52.6401	128.492	101.53	114.609	104.156	95.7437	135	135	95.9187	135	108.243	102.541	135	135	127.102	88.9361	62.9989	69.5452	67.1702	62.3425	47.2307	76.7769	93.9225	39.999
160	124.495	102.008	142.223	156.664	160	130.462	160	160	139.684	160	160	151.878	129.085	160	110.136	119.704	69.9115	124.05	110.956	121.517	89.5301	149.593	160
																							
88.3131	146.801	151.399	161.56	144.845	153.093	162.275	123.676	155.199	140.268	175.968	161.255	230	155.082	133.201	130.999	124.901	84.7399	111.103	89.3986	125.983	160.86	172.67	230
52.6401	128.492	101.53	114.609	104.156	95.7437	135	135	95.9187	135	108.243	102.541	135	135	127.102	124.254	76.7145	104.774	75.4295	66.7542	77.9756	90.8534	89.8584	57.8115
160	124.495	102.008	142.223	156.664	160	130.462	160	160	139.684	160	160	151.878	129.085	160	110.136	119.704	69.9115	74.1426	126.396	160	110.483	160	160
																							
88.3131	146.801	151.399	161.56	144.845	153.093	162.275	123.676	155.199	140.268	175.968	161.255	230	155.082	133.201	130.999	124.901	84.7399	64.6199	89.5019	106.871	112.179	164.674	163.57
52.6401	128.492	101.53	114.609	104.156	95.7437	135	135	95.9187	135	135	123.841	135	106.897	127.359	100.76	83.8529	107.843	42.7195	63.9254	84.5153	40.6652	104.792	69.1154
160	124.495	102.008	142.223	156.664	160	130.462	160	160	139.684	160	160	151.878	128.85	122.865	135.169	101.784	83.7387	74.6256	80.8894	148.913	132.806	136.887	160
																							
88.3131	146.801	151.399	161.56	144.845	153.093	162.275	123.676	155.199	140.268	175.968	161.255	230	155.082	133.201	130.999	124.901	84.7399	64.6199	89.5019	129.602	139.564	215.033	130.121
52.6401	128.492	101.53	114.609	104.156	95.7437	135	135	95.9187	135	108.243	102.541	135	135	127.102	88.9361	62.9989	69.5452	85.181	72.1316	74.5932	57.2934	77.9519	42.9953
160	124.495	102.008	142.223	156.664	160	130.462	160	160	139.684	160	160	151.878	129.085	160	110.136	119.704	69.9115	124.05	110.956	155.661	141.591	160	160
																							
88.3131	146.801	151.399	161.56	144.845	153.093	162.275	123.676	155.199	140.268	175.968	161.255	230	155.082	133.201	130.999	124.901	84.7399	64.6199	89.5019	129.602	139.564	186.248	176.648
52.6401	128.492	101.53	114.609	104.156	95.7437	135	135	95.9187	135	108.243	102.541	135	135	135	131.391	104.261	55.7885	28.147	69.3024	86.1769	73.9859	72.0899	33.3227
160	124.495	102.008	142.223	156.664	160	130.462	160	160	139.684	160	160	151.878	129.085	160	110.136	119.704	69.9115	56.5861	101.284	125.889	135.558	158.438	160
																							
88.3131	146.801	151.399	161.56	144.845	153.093	162.275	123.676	155.199	140.268	175.968	161.255	230	155.082	133.201	159.193	131.548	58.0524	62.4203	105.791	120.805	141.552	205.063	168.309
52.6401	128.492	101.53	114.609	104.156	95.7437	135	135	95.9187	135	108.243	102.541	135	135	127.102	88.9361	62.9989	69.5452	85.181	72.1316	63.7861	73.0495	57.9434	49.5963
160	124.495	102.008	142.223	156.664	154.783	142.53	159.582	160	139.061	160	160	160	96.4875	160	92.206	72.8604	130.908	100.687	107.875	112.261	127.535	160	141.268
																							
88.3131	146.801	151.399	161.56	144.845	153.093	162.275	123.676	155.199	140.268	195.626	175.042	230	125.873	144.652	164.351	125.657	116.192	96.996	116.63	117.767	113.697	121.224	192.704
52.6401	128.492	101.53	114.609	104.156	95.7437	135	135	95.9187	135	108.243	102.541	135	135	127.102	88.9361	62.9989	69.5452	85.181	72.1316	63.7861	73.0495	94.985	67.7455
160	124.495	102.008	142.223	156.664	160	130.462	121.647	153.329	160	160	160	99.1443	160	160	160	160	43.9366	74.8268	132.138	121.282	117.244	126.951	160
																							
88.3131	146.801	151.399	161.56	144.845	153.093	162.275	123.676	155.199	140.268	175.968	161.255	230	155.082	133.201	130.999	124.901	84.7399	74.291	98.7808	140.137	124.731	188.296	155.587
52.6401	128.492	101.53	114.609	104.156	95.7437	135	135	95.9187	135	108.243	102.541	135	135	127.102	88.9361	62.9989	69.5452	85.181	72.1316	63.7861	73.0495	97.2131	54.7438
160	124.495	102.008	142.223	156.664	160	130.462	160	160	139.684	160	160	151.878	129.085	160	110.136	119.704	69.9115	83.0542	77.0428	146.945	124.389	160	133.241
																							
88.3131	146.801	151.399	161.56	144.845	153.093	162.275	157.648	171.522	163.902	152.479	194.066	117.574	181.183	132.583	172.269	134.707	86.9562	112.829	94.7577	141.979	165.497	166.862	206.267
52.6401	128.492	101.53	114.609	104.156	95.7437	135	135	95.9187	135	108.243	102.541	135	135	127.102	88.9361	62.9989	69.5452	71.7085	77.8747	46.1188	32.8207	72.8601	59.7325
160	124.495	102.008	142.223	156.664	160	130.462	160	160	139.684	160	160	151.878	129.085	160	110.136	119.704	69.9115	124.05	110.956	160	140.456	160	129.386
																							
88.3131	146.801	151.399	161.56	144.845	153.093	162.275	123.676	155.199	140.268	175.968	161.255	230	155.082	133.201	130.999	124.901	84.7399	64.6199	89.5019	129.602	139.564	179.937	124.163
52.6401	128.492	101.53	114.609	104.156	95.7437	135	135	95.9187	135	108.243	102.541	135	135	127.102	88.9361	62.9989	69.5452	85.181	72.1316	63.7861	73.0495	104.189	55.8334
160	124.495	102.008	142.223	156.664	160	130.462	160	160	139.684	160	160	151.878	129.085	160	110.136	119.704	69.9115	124.05	110.956	160	140.456	160	160
