0
0
0
0
0.286547
0
0
0
0
0
0
0
0
0
0
0
0
0
0
0
0
0
0
0
0
0
0
0
0.369391
0
0
0
0
0
0.333171
0
0
0
0
0.341762
0
0
0
0
0
0
0
0
0
0
0
0
0
0
0
0
0
0
0
0
0
0
0
0
0
0
0
0
0
0
0
0
0
0
0
0
0
0
0
0
0
0.523819
0
0
0
0
0
0
0
0
0
0
0
0
0
0
0
0
0
0
0
0
0.368282
0
0
0
0
0
0
0
0.457429
0
0
0
0
0
0
0
0
0
0
0
0
0
0
0
0
0
0
0
0
0
0
0
0
0
0
0.286547
0
0
0
0
0
0
0
0
0
0
0
0
0
0
0
0
0
0
0
0
0.286547
0
0
0
0
0
0
0
0
0
0
0
0
0
0
0
0
0
0
0
0
0
0
0
0
0
0
0
0.33789
0
0
0
0
0
0
0
0
0
0
0
0.286547
0.475213
0
0
0
0
0
0
0
0
0
0
0
0
0
0
0
0
0
0
0
0
0
0
0
0
0
0
0
0
0
0
0
0
0.320263
0
0
0
0
0
0
0
0
0
0
0
0.286547
0
0
0
0
0
0
0
0
0
0
0
0
0
0
0
0
0
0
0
0
0
0
0
0
0
0
0
0
0
0
0
0
0
0
0
0.47164
0
0
0
0
0
0.424607
0
0.306991
0
0
0
0
0
0
0
0
0
0
0.314173
0
0
0
0
0
0
0
0
0
0
0
0
0
0
0
0.35528
0
0
0
0
0
0
0
0.494982
0
0
0
0
0.286547
0
0
0
0
0
0
0.307375
0
0
0
0
0
0
0
0
0
0
0
0.286547
0
0
0
0
0
0
0
0
0
0
0
0
0
0
0
0
0
0
0
0
0
0
0
0
0
0
0
0
0
0
0
0
0
0
0
0
0
0
0
0
0
0
0
0
0
0
0
0
0
0
0
0
0
0
0
0
0
0
0
0
0
0
0
0
0
0
0
0
0
0
0
0
0
0
0
0
0
0
0
0
0
0
0
0
0
0
0
0
0
0
0
0
0
0
0
0
0
0
0
0
0
0
0.342245
0
0
0
0
0
0
0
0
0
0
0
0
0.308244
