0   0   0   0   0   0   0   0   0   0   0   0   25   25   25   25   25   25   0   0   0   0   0   0   

0   0   0   0   0   0   0   0   0   0   0   0   0   0   0   0   0   0   0   0   0   0   0   0   

0   0   0   0   0   0   0   0   0   0   0   0   0   0   0   0   0   0   0   0   0   0   0   0   

0   0   0   0   0   0   0   0   0   0   0   0   0   0   0   0   0   0   0   0   0   0   0   0   

150   150   150   150   150   150   150   150   150   150   150   150   150   150   150   150   150   150   150   150   150   150   150   150   

100   100   100   100   100   100   100   100   100   100   100   100   100   100   100   100   100   100   100   100   100   100   100   100   

0   0   0   0   0   0   0   0   0   0   0   0   0   0   0   0   0   0   0   0   0   0   0   0   

0   0   0   0   0   0   0   25   25   25   25   25   25   25   0   0   0   0   0   0   0   25   25   25   

0   0   0   0   0   0   0   0   0   0   0   0   0   0   0   0   0   0   0   0   0   0   0   0   

0   0   0   0   0   0   0   0   0   0   0   0   0   0   0   0   0   0   0   0   0   0   0   0   

100   100   100   100   100   100   100   100   100   100   100   100   100   100   100   100   100   100   100   100   100   100   100   100   

350   350   343.959   287.5   261.391   287.5   350   350   350   350   350   350   350   350   350   350   350   350   350   350   350   350   350   350   

0   0   0   0   0   0   0   0   0   0   0   0   0   0   0   0   0   0   0   0   0   0   0   0   

0   0   0   0   0   0   0   0   0   0   0   0   0   0   0   0   0   0   0   0   0   0   0   0   

0   0   0   0   0   0   0   25   25   25   25   25   0   0   0   0   0   0   0   0   0   0   0   0   

0   0   0   0   0   0   0   0   0   0   0   0   0   0   0   0   0   0   0   0   0   0   0   0   

0   0   0   0   0   0   0   25   25   25   25   25   0   0   0   0   0   0   0   0   0   0   0   0   

0   0   0   0   0   0   0   0   0   0   0   0   0   0   0   0   0   0   0   0   0   0   0   0   

0   0   0   0   0   0   0   0   0   0   0   0   0   0   0   0   0   0   0   0   0   0   0   0   

0   0   0   0   0   0   0   0   0   0   0   0   0   0   0   0   0   0   0   0   0   0   25   25   

150   71.0846   50.0001   50   50   50   95.7986   161.526   232.249   250   250   250   250   250   250   250   250   250   250   250   250   250   250   150   

150   71.0027   50.0001   50   50   50   95.7986   161.525   232.249   250   250   250   250   250   250   250   250   250   250   250   250   250   250   150   

0   0   0   0   0   0   0   0   0   0   25   25   25   25   25   0   0   0   0   0   0   0   25   25   

0   0   0   0   0   0   0   0   0   0   0   0   0   0   0   0   0   0   0   0   0   0   0   0   

50   50   50   50   50   50   50   50   50   150   162.5   162.5   162.5   162.945   182.69   172.095   176.094   200   196.103   174.445   162.5   164.195   76.4675   50   

50   50   50   50   50   50   50   50   50   150   162.5   162.5   162.5   162.945   182.69   172.095   176.094   200   196.103   174.445   162.5   164.195   76.4675   50   

0   0   0   0   0   0   0   0   0   0   0   0   0   0   0   0   0   0   0   0   0   0   0   0   

187.981   180   180   180   180   180   180   260   260   265.454   309.33   328.13   313.792   340   340   340   340   340   340   340   332.33   340   260   256.686   

187.981   180   180   180   180   180   180   260   260   265.454   309.33   328.13   313.792   340   340   340   340   340   340   340   332.33   340   260   256.686   

80   80   80   80   80   80   80   80   80   80   80   80   80   80   80   80   80   86.7934   80   80   80   80   80   80   

0   0   0   0   0   0   0   0   0   0   0   0   0   0   0   0   0   0   0   0   0   0   0   0   

0   0   0   0   0   0   0   0   0   0   0   0   0   0   0   0   0   0   0   0   0   0   0   0   

0   0   0   0   0   0   0   0   0   0   0   0   0   0   0   0   0   0   0   0   0   0   0   0   

0   0   0   0   0   0   0   0   0   0   0   0   0   0   0   0   0   0   0   0   0   0   0   0   

0   0   0   0   0   0   0   0   0   0   0   0   25   25   25   25   25   0   0   0   0   0   0   0   

0   0   0   0   0   0   0   0   0   0   0   0   25   25   25   25   25   25   0   0   0   0   0   0   

0   0   0   0   0   0   0   0   150   150   150   150   150   150   150   150   150   150   150   150   150   150   150   0   

0   0   0   0   0   0   0   0   0   0   0   0   0   0   0   0   0   0   0   0   0   0   0   0   

300   300   300   277.63   250   252.191   300   300   300   300   300   300   300   300   300   300   300   300   300   300   300   300   300   300   

50   50   50   50   50   50   50   50   50   87.5   87.5   87.5   87.5   87.5   87.5   87.5   87.5   125   87.5   87.5   87.5   87.5   50   50   

0   0   0   0   0   0   0   0   0   0   0   0   0   0   0   0   0   0   0   0   0   0   0   0   

0   0   0   0   0   0   0   0   0   0   0   0   0   0   0   0   0   0   0   0   0   0   0   0   

0   0   0   0   0   0   0   0   100   100   100   100   100   100   100   100   100   100   100   100   100   100   100   100   

100   100   100   100   100   100   100   100   100   100   100   100   100   100   100   100   100   100   100   100   100   100   100   0   

100   100   100   100   100   100   100   100   100   100   100   100   100   100   100   100   100   100   100   100   100   100   100   100   

0   0   0   0   0   0   0   0   0   0   0   0   0   0   0   0   0   0   0   0   0   0   0   0   

0   0   0   0   0   0   0   25   25   25   25   25   25   25   25   0   0   0   0   0   0   0   0   0   

0   0   0   0   0   0   0   0   0   0   0   0   0   0   0   0   0   0   0   0   0   0   0   0   

0   0   0   0   0   0   0   0   0   0   0   0   0   0   0   0   0   0   0   0   0   0   0   0   

0   0   0   0   0   0   0   0   0   0   0   0   0   0   0   0   0   0   0   0   0   0   0   0   

0   0   0   0   0   0   0   25   25   25   25   25   0   0   0   0   0   0   0   0   0   0   25   25   

0   0   0   0   0   0   0   0   0   0   0   0   0   0   0   0   0   0   0   0   0   0   25   25   

0   0   0   0   0   0   0   0   0   0   0   0   0   0   0   0   0   0   0   0   0   0   0   0   

0   0   0   0   0   0   0   0   0   0   0   0   0   0   0   0   0   0   0   0   0   0   0   0   
