80   80   80   73.3404   44.8917   47.8051   44.8823   30.6168   33.5209   25.4931   34.1558   17.2465   32.5661   42.3293   28.0028   30.1215   19.6379   9.93904   21.2632   25.3659   43.2483   50.2356   80   80   
80   80   80   73.3404   44.8917   47.8051   44.8823   30.6168   33.5209   25.4931   34.1558   17.2465   32.5661   12.1707   28.1068   32.1933   14.5933   10.7798   19.1323   37.2466   41.3834   73.5678   72.859   80   
80   80   80   73.3404   44.8917   47.8051   44.8823   30.6168   33.5209   25.4931   34.1558   17.2465   32.5661   42.3293   28.0028   30.1215   19.6379   9.93904   26.9211   40.2039   48.652   49.1552   80   80   
80   80   80   73.3404   44.8917   47.8051   44.8823   30.6168   33.5209   25.4931   34.1558   17.2465   32.5661   42.3293   28.0028   30.1215   19.6379   9.93904   26.9211   40.2039   48.652   49.1552   72.975   80   
80   80   80   73.3404   44.8917   47.8051   44.8823   30.6168   33.5209   25.4931   34.1558   17.2465   32.5661   42.3293   28.0028   30.1215   19.6379   9.93904   26.9211   40.2039   48.652   49.1552   70.4792   80   
80   80   80   73.3404   44.8917   47.8051   44.8823   30.6168   33.5209   25.4931   34.1558   17.2465   32.5661   42.3293   28.0028   30.1215   19.6379   9.93904   26.9211   40.2039   52.2774   33.8487   65.3622   80   
80   80   80   73.3404   44.8917   47.8051   44.8823   35.3941   37.3287   31.8974   30.4365   15.6979   29.6676   37.7183   19.914   26.3797   15.2564   7.30517   27.4143   36.5844   53.9076   46.7891   73.9817   80   
80   80   80   73.3404   44.8917   47.8051   44.8823   30.6168   33.5209   25.4931   34.1558   17.2465   32.5661   42.3293   28.0028   30.1215   19.6379   9.93904   26.9211   40.2039   48.652   49.1552   80   80   
80   80   80   73.3404   44.8917   51.1179   29.0602   37.9468   11.9345   29.5988   36.8718   31.4203   41.1899   17.704   39.4045   26.8942   29.6924   7.51822   19.6047   36.1072   56.9598   72.1888   78.3367   65.6357   
80   80   80   73.3404   44.8917   47.8051   44.8823   30.6168   33.5209   25.4931   34.1558   17.2465   32.5661   42.3293   28.0028   30.1215   19.6379   9.93904   26.9211   40.2039   55.4648   53.671   58.1174   80   
80   80   80   73.3404   44.8917   47.8051   44.8823   30.6168   33.5209   25.4931   34.1558   17.2465   32.5661   42.3293   28.0028   30.1215   19.6379   9.93904   26.9211   40.2039   48.652   49.1552   76.7116   80   
80   80   80   73.3404   44.8917   47.8051   44.8823   30.6168   33.5209   25.4931   34.1558   17.2465   32.5661   42.3293   28.0028   30.1215   19.6379   9.93904   19.2342   46.6928   17.7975   56.7877   80   80   
80   80   80   73.3404   44.8917   47.8051   44.8823   30.6168   33.5209   25.4931   44.517   35.9028   42.7678   33.2347   27.4311   25.9988   34.7329   5.72416   26.5398   32.2653   26.4554   55.1012   80   80   
80   80   80   73.3404   44.8917   47.8051   44.8823   30.6168   33.5209   25.4931   34.1558   17.2465   32.5661   42.3293   28.0028   30.1215   19.6379   9.93904   26.9211   40.2039   46.1429   39.1179   68.4472   80   
80   80   80   73.3404   44.8917   47.8051   44.8823   30.6168   33.5209   25.4931   34.1558   17.2465   32.5661   42.3293   28.0028   30.1215   19.6379   9.93904   16.5504   49.3671   45.5333   76.3741   77.1313   80   
80   80   77.7774   65.5028   54.2213   33.9984   35.5619   24.1406   32.0727   43.503   48.0206   33.3317   31.2295   16.7321   42.3737   42.9997   30.5656   16.2542   2.81691   42.0725   41.1308   43.5334   74.0763   80   
80   80   80   73.3404   44.8917   47.8051   44.8823   30.6168   33.5209   25.4931   34.1558   17.2465   32.5661   42.3293   28.0028   32.5263   23.9402   11.9763   19.0411   43.8277   40.7302   63.8806   80   80   
80   80   80   73.3404   44.8917   47.8051   44.8823   30.6168   33.5209   25.4931   34.1558   17.2465   32.5661   42.3293   28.0028   25.0352   29.7564   16.757   14.0525   42.4925   41.6042   46.8235   80   80   
80   80   80   73.3404   44.8917   47.8051   44.8823   30.6168   33.5209   25.4931   34.1558   17.2465   32.5661   34.8195   27.4469   27.3433   18.1935   1.96185   16.5953   52.1561   37.0314   49.1836   59.8991   77.1883   
80   80   80   73.3404   44.8917   47.8051   44.8823   33.7862   27.0512   44.5441   45.4376   40.5438   31.0312   35.1737   15.2257   26.4146   23.3957   8.12661   12.2145   39.315   66.4685   68.0725   60.5246   80   
