64.2046   135   100.854   135   121.043   135   135   135   135   135   118.91   118.472   135   81.875   107.657   62.5845   75.1198   77.2935   66.0036   96.9096   35.3108   64.8733   113.512   55.7951   
64.2046   135   100.854   135   121.043   135   135   135   135   135   118.91   118.472   135   135   131.018   89.2944   58.4575   67.0878   60.0809   53.6511   74.1758   55.5609   70.2085   33.5388   
64.2046   135   100.854   135   121.043   135   135   135   135   135   118.91   118.472   135   81.875   107.657   62.5845   75.1198   77.2935   56.3242   95.4886   57.8459   63.5605   78.8558   65.5567   
64.2046   135   100.854   135   121.043   135   135   135   135   135   118.91   118.472   135   81.875   107.657   62.5845   75.1198   77.2935   56.3242   95.4886   57.8459   63.5605   54.6915   32.4036   
64.2046   135   100.854   135   121.043   135   135   135   135   135   118.91   118.472   135   81.875   107.657   62.5845   75.1198   77.2935   56.3242   95.4886   57.8459   63.5605   98.8481   73.4624   
64.2046   135   100.854   135   121.043   135   135   135   135   135   118.91   118.472   135   81.875   107.657   62.5845   75.1198   77.2935   56.3242   95.4886   77.5548   95.1693   93.136   31.5584   
64.2046   135   100.854   135   121.043   135   135   130.736   125.401   104.121   106.7   88.5453   135   135   135   91.0006   77.3813   52.2918   44.9898   65.0023   94.091   73.236   118.402   39.2688   
64.2046   135   100.854   135   121.043   135   135   135   135   135   118.91   118.472   135   81.875   107.657   62.5845   75.1198   77.2935   56.3242   95.4886   57.8459   63.5605   124.839   28.4643   
64.2046   135   100.854   135   121.043   135   100.518   91.9905   111.866   97.0277   135   135   131.104   135   85.7458   92.6325   108.327   53.1994   48.6914   51.8568   71.0572   66.4354   91.9699   60.5562   
64.2046   135   100.854   135   121.043   135   135   135   135   135   118.91   118.472   135   81.875   107.657   62.5845   75.1198   77.2935   56.3242   95.4886   82.6239   81.5942   100.701   42.633   
64.2046   135   100.854   135   121.043   135   135   135   135   135   118.91   118.472   135   81.875   107.657   62.5845   75.1198   77.2935   56.3242   95.4886   57.8459   63.5605   105.801   60.3633   
64.2046   135   100.854   135   121.043   135   135   135   135   135   118.91   118.472   135   81.875   107.657   62.5845   75.1198   77.2935   60.3655   43.7399   64.5579   85.3801   102.955   64.1724   
64.2046   135   100.854   135   121.043   135   135   135   135   135   81.3601   135   135   135   128.239   69.6546   91.5105   73.1353   67.9669   95.3819   78.3254   58.2332   79.1285   51.6098   
64.2046   135   100.854   135   121.043   135   135   135   135   135   118.91   118.472   135   81.875   107.657   62.5845   75.1198   77.2935   56.3242   95.4886   81.7448   26.2751   80.9302   48.8221   
64.2046   135   100.854   135   121.043   135   135   135   135   135   118.91   118.472   135   81.875   107.657   62.5845   75.1198   77.2935   91.0161   60.344   94.7191   109.165   106.272   58.6709   
64.2046   135   106.813   83.264   135   135   96.876   110.2   135   117.95   135   135   135   99.4963   135   135   94.4803   49.0349   78.2488   61.251   87.7168   56.7335   102.864   40.7731   
64.2046   135   100.854   135   121.043   135   135   135   135   135   118.91   118.472   135   81.875   107.657   110.49   89.3282   72.1843   72.5312   88.8022   73.1375   43.7975   100.771   67.7731   
64.2046   135   100.854   135   121.043   135   135   135   135   135   118.91   118.472   135   81.875   107.657   106.878   91.8057   78.7532   84.0719   61.9117   74.5273   60.7289   103.55   67.4012   
64.2046   135   100.854   135   121.043   135   135   135   135   135   118.91   118.472   135   122.435   128.306   94.0547   70.3481   43.3261   78.4353   89.5238   95.1412   51.0465   71.3937   36.4139   
64.2046   135   100.854   135   121.043   135   135   124.305   115.111   135   108.243   102.541   135   135   135   131.391   104.261   55.7885   28.147   69.3024   86.1769   73.9859   72.0899   33.3227   
