系统当前时间：2016.1.18  20:13:1
196.738   248.468   205.276   221.395   213.539   285.215   280.69   299.126   308.521   265.273   293.066   275.719   307.566   264.204   240.908   210.969   215.788   149.844   142.053   195.751   139.848   248.591   268.451   209.631   
196.738   248.468   205.276   221.395   213.539   285.215   280.69   299.126   308.521   265.273   293.066   275.719   307.566   279.672   285.997   208.633   176.493   175.488   171.686   185.421   220.032   235.89   254.325   200.435   
196.738   248.468   205.276   221.395   213.539   285.215   280.69   299.126   308.521   265.273   293.066   275.719   307.566   264.204   240.908   210.969   215.788   149.844   156.445   207.57   208.318   213.919   262.836   218.314   
196.738   248.468   205.276   221.395   213.539   285.215   280.69   299.126   308.521   265.273   293.066   275.719   307.566   264.204   240.908   210.969   215.788   149.844   156.445   207.57   208.318   213.919   222.791   168.279   
196.738   248.468   205.276   221.395   213.539   285.215   280.69   299.126   308.521   265.273   293.066   275.719   307.566   264.204   240.908   210.969   215.788   149.844   156.445   207.57   208.318   213.919   245.288   207.829   
196.738   248.468   205.276   221.395   213.539   285.215   280.69   299.126   308.521   265.273   293.066   275.719   307.566   264.204   240.908   210.969   215.788   149.844   156.445   207.57   222.565   222.84   261.057   195.688   
196.738   248.468   205.276   221.395   213.539   285.215   280.69   255.631   302.73   263.072   277.137   244.243   285.845   265.142   293.055   224.69   180.731   156.086   191.826   180.994   228.119   187.04   288.675   214.172   
196.738   248.468   205.276   221.395   213.539   285.215   280.69   299.126   308.521   265.273   293.066   275.719   307.566   264.204   240.908   210.969   215.788   149.844   156.445   207.57   208.318   213.919   291.555   217.706   
196.738   248.468   205.276   221.395   213.539   237.206   229.14   247.536   263.801   266.626   292.42   298.044   286.035   292.704   265.15   191.161   241.117   189.21   147.433   166.526   198.04   243.339   239.12   236.118   
196.738   248.468   205.276   221.395   213.539   285.215   280.69   299.126   308.521   265.273   293.066   275.719   307.566   264.204   240.908   210.969   215.788   149.844   156.445   207.57   205.469   212.495   269.24   207.517   
196.738   248.468   205.276   221.395   213.539   285.215   280.69   299.126   308.521   265.273   293.066   275.719   307.566   264.204   240.908   210.969   215.788   149.844   156.445   207.57   208.318   213.919   265.705   235.3   
196.738   248.468   205.276   221.395   213.539   285.215   280.69   299.126   308.521   265.273   293.066   275.719   307.566   264.204   240.908   210.969   215.788   149.844   142.657   173.805   145.156   224.025   263.186   244.43   
196.738   248.468   205.276   221.395   213.539   285.215   280.69   299.126   308.521   265.273   247.761   310.903   317.768   308.235   295.67   201.851   229.25   121.305   166.464   213.344   213.864   177.349   247.124   184.883   
196.738   248.468   205.276   221.395   213.539   285.215   280.69   299.126   308.521   265.273   293.066   275.719   307.566   264.204   240.908   210.969   215.788   149.844   156.445   207.57   225.276   167.035   239.247   192.918   
196.738   248.468   205.276   221.395   213.539   285.215   280.69   299.126   308.521   265.273   293.066   275.719   307.566   264.204   240.908   210.969   215.788   149.844   176.763   183.879   236.565   281.128   267.083   216.526   
196.738   248.468   216.24   164.093   213.362   252.863   213.164   246.862   282.818   301.453   323.021   306.894   306.23   243.184   294.863   278.184   213.525   158.118   179.933   164.569   232.872   177.786   257.076   217.776   
196.738   248.468   205.276   221.395   213.539   285.215   280.69   299.126   308.521   265.273   293.066   275.719   307.566   264.204   240.908   283.016   213.972   187.507   168.873   196.983   201.693   215.398   274.999   208.907   
196.738   248.468   205.276   221.395   213.539   285.215   280.69   299.126   308.521   265.273   293.066   275.719   307.566   264.204   240.908   253.88   189.558   159.761   203.81   166.392   190.008   189.956   264.4   208.015   
196.738   248.468   205.276   221.395   213.539   285.215   280.69   299.126   308.521   265.273   293.066   275.719   307.566   261.45   295.753   212.938   204.534   147.194   164.373   192.9   228.954   186.136   211.247   204.517   
196.738   248.468   205.276   221.395   213.539   285.215   280.69   282.041   264.371   276.221   278.8   283.085   306.031   253.076   290.226   265.219   208.801   117.856   110.319   178.918   208.481   225.326   245.828   229.354   
