219.886   223.892   296.284   181.796   310.566   413.473   287.273   283.49   313.71   255.425   326.429   182.487   418.058   350.642   373.063   198.981   220.427   226.587   140.277   239.839   217.526   168.847   159.309   227.913   
177.311   248.045   226.867   301.8   325.311   341.396   400.176   176.87   261.435   224.918   304.758   311.639   347.551   268.81   361.071   229.611   245.737   150.931   267.21   237.822   292.864   278.564   265.965   207.209   
184.348   239.969   249.486   174.21   294.818   363.813   212.552   152.353   325.222   197.125   370.121   337.271   207.917   127.065   244.717   235.904   240.67   245.426   183.241   118.211   142.519   215.457   216.634   282.227   
89.1542   195.811   157.388   262.302   236.205   311.36   275.638   278.602   225.319   363.341   261.088   279.141   387.946   324.961   223.443   287.734   183.356   164.944   147.332   233.395   126.838   115.197   207.88   244.31   
168.146   346.94   365.09   329.491   321.249   327.846   368.945   331.651   324.235   304.642   328.566   283.922   280.806   325.899   347.443   250.012   185.633   153.451   249.854   221.675   274.357   178.418   234.626   91.2221   
196.621   248.838   190.076   298.913   182.289   338.422   180.929   348.404   297.62   248.387   254.091   290.473   285.187   238.641   237.034   174.236   210.789   178.447   172.125   240.809   203.658   270.914   142.335   182.155   
180.757   277.419   116.899   212.384   253.459   388.103   279.09   229.76   305.185   333.142   290.369   275.083   74.1585   291.953   239.811   251.75   239.011   247.538   274.034   152.659   200.745   186.793   207.986   115.912   
165.24   173.402   359.82   255.194   324.809   250.871   288.399   397.569   148.11   255.533   481.355   371.953   369.073   203.241   222.284   200.207   239.998   155.769   174.584   232.234   153.029   281.558   225.519   206.877   
207.456   286.147   277.559   315.262   254.139   310.844   197.458   279.395   289.36   334.571   344.627   219.697   355.361   358.33   285.055   248.524   278.044   210.672   249.021   196.742   74.4889   215.836   253.302   180.805   
159.009   160.853   216.452   220.228   294.417   254.301   304.142   282.282   226.702   137.667   303.393   212.613   341.044   299.844   246.043   148.335   240.504   236.188   121.33   236.069   114.218   109.577   209.213   182.198   
185.13   232.872   199.991   213.284   318.425   280.239   206.139   380.481   241.846   345.615   340.568   342.409   349.36   293.813   224.153   161.722   279.848   163.704   147.543   141.578   174.792   246.439   195.198   225.844   
223.274   286.152   233.592   263.562   199.247   312.28   214.012   338.079   277.67   336.048   312.963   351.269   368.76   210.133   311.948   317.816   191.713   216.624   158.301   170.02   232.118   113.335   212.169   234.293   
244.108   233.956   167.709   268.953   228.023   282.739   350.88   268.291   350.513   198.396   202.874   234.393   349.748   210.777   331.716   300.713   231.411   282.858   152.337   271.922   270.894   249.511   188.219   208.774   
230.298   245.574   165.798   184.447   249.272   329.232   264.972   387.889   264.28   223.811   242.022   192.412   334.978   365.722   345.219   232.066   256.618   223.074   173.349   211.222   214.504   170.109   229.666   170.436   
218.935   229.902   292.418   266.07   199.079   287.852   343.564   212.885   296.019   295.724   326.83   149.361   262.828   218.528   259.169   198.266   235.421   217.204   186.734   181.373   192.353   162.307   186.348   216.971   
240.424   216.446   263.403   156.207   283.02   196.826   306.806   393.639   342.862   307.735   373.632   324.581   344.877   317.117   251.222   310.749   181.574   262.838   174.136   259.932   157.133   194.678   186.822   186.923   
338.903   304.27   222.95   262.741   207.122   406.133   231.9   211.699   282.979   229.703   368.982   361.778   291.59   309.956   260.721   172.839   210.677   159.478   148.46   193.179   259.336   164.055   109.584   110.511   
195.897   240.681   251.346   184.092   364.896   216.417   279.67   302.117   305.787   297.247   229.097   290.904   331.553   287.238   213.231   270.773   249.467   228.672   257.996   202.918   250.388   217.451   192.555   186.396   
192.621   337.602   204.016   217.155   175.038   340.029   301.839   328.383   310.163   298.739   231.328   423.54   380.521   201.549   358.221   274.426   220.067   187.18   242.407   118.518   255.006   220.024   334.419   253.639   
272.087   210.408   334.119   204.356   279.975   295.985   121.652   303.542   309.23   294.911   328.684   301.734   267.846   308.699   281.789   296.296   206.963   169.139   218.671   216.591   173.252   233.19   181.207   62.6957   
257.468   298.992   275.977   217.734   346.233   220.697   295.897   295.144   278.715   277.336   404.317   298.207   395.184   232.585   257.22   286.734   202.344   225.56   242.356   209.343   185.776   235.344   78.1463   177.913   
207.324   221.541   301.535   210.112   225.805   219.936   216.403   233.522   334.291   295.54   386.881   235.882   257.063   309.956   372.349   307.093   194.745   186.951   222.188   214.184   182.439   201.453   184.263   262.548   
94.5734   350.191   272.047   238.14   378.818   270.885   217.954   268.45   222.146   239.499   321.172   328.378   333.281   273.382   279.722   311.289   238.369   213.505   189.064   144.408   264.56   229.724   256.215   73.8043   
113.386   298.457   212.807   240.037   244.583   291.042   285.522   237.779   293.184   386.35   349.856   377.148   393.488   308.029   239.252   317.157   167.142   234.973   214.204   257.052   228.51   183.373   159.011   196.222   
245.331   225.224   264.916   294.819   254.425   412.192   318.919   271.581   293.958   213.581   315.931   332.059   284.02   372.741   310.822   207.402   254.476   236.454   200.061   137.639   145.085   212.874   199.023   180.066   
192.562   181.021   207.991   170.461   242.648   319.877   413.904   315.239   239.805   275.993   314.055   300.364   398.766   303.148   228.935   213.943   253.22   275.059   324.219   196.372   167.24   247.377   246.984   160.728   
251.376   370.478   165.659   392.631   278.248   349.023   280.311   427.434   290.079   269.67   111.78   232.806   278.935   280.202   196.265   301.826   324.715   183.015   239.263   196.37   204.084   182.058   173.022   230.25   
132.793   277.323   217.157   260.216   264.937   368.776   372.111   272.199   307.54   196.321   271.122   324.07   254.133   312.706   286.803   250.71   205.836   272.877   225.64   172.388   244.93   177.906   190.569   177.734   
172.683   289.095   235.91   338.627   172.421   347.286   415.953   262.431   271.261   317.413   286.891   254.333   209.995   365.962   321.445   296.219   267.731   280.816   252.235   269.363   195.877   201.645   171.309   215.938   
240.165   282.862   215.135   320.631   261.527   238.703   325.161   238.344   344.212   290.013   210.379   227.717   275.89   270.319   318.245   257.211   188.528   81.5413   256.606   207.993   224.283   124.585   249.794   161.553   
220.866   209.406   153.681   266.963   382.627   335.281   328.557   281.475   304.196   181.231   261.128   226.908   286.729   348.829   321.518   285.584   215.092   212.123   224.271   258.094   252.696   217.405   241.979   150.544   
286.536   235.227   160.763   161.759   365.782   250.67   227.979   376.986   287.365   264.741   268.808   410.948   199.999   365.297   230.667   223.786   179.671   232.99   295.118   102.744   133.46   260.839   277.994   133.703   
165.803   120.881   232.375   199.972   296.832   335.771   483.783   331.976   226.449   233.302   326.621   239.873   286.75   340.926   269.548   275.731   262.909   113.038   246.226   198.24   239.224   184.481   175.506   146.949   
212.166   220.868   178.867   245.97   343.267   298.752   470.379   311.274   219.538   203.623   207.521   228.263   339.254   262.19   242.346   252.009   337.119   295.378   258.329   281.168   177.203   242.188   192.756   151.142   
179.748   319.556   253.616   166.947   238.776   256.808   270.833   221.089   354.353   195.007   311.209   334.117   344.697   259.806   260.574   354.057   306.165   225.151   217.485   175.929   199.009   149.47   169.687   189.883   
147.122   286.033   273.773   281.159   275.213   316.048   453.638   326.448   333.622   154.433   265.172   216.583   347.379   182.697   275.714   268.579   232.479   277.753   155.471   235.608   215.624   193.698   303.144   187.058   
171.912   204.361   165.45   299.638   250.415   313.222   335.383   336.713   338.359   278.735   324.472   272.946   318.328   468.756   360.337   246.462   229.288   287.087   176.708   151.565   245.689   235.456   181.434   164.766   
194.037   284.195   320.957   258.926   293.17   391.366   255.728   274.007   324.457   295.239   254.922   325.276   295.801   239.081   308.967   224.962   226.017   202.938   247.366   213.155   185.922   204.576   171.99   147.502   
164.542   229.919   179.267   222.993   349.727   318.14   289.495   259.37   278.467   181.224   270.433   211.194   286.631   289.067   238.187   269.915   346.906   224.728   209.181   145.07   127.073   150.256   301.345   171.649   
135.784   278.194   251.003   296.543   257.505   81.9168   291.233   439.586   248.124   290.219   314.727   302.042   275.392   223.547   377.42   200.782   142.815   207.755   206.946   213.638   191.846   188.405   276.892   146.427   
206.386   202.396   288.354   328.923   229.952   192.297   421.877   325.57   312.767   301.615   235.237   440.828   306.891   279.525   381.705   279.38   204.79   224.146   180.343   211.859   208.264   211.23   197.37   147.958   
252.496   294.331   316.467   338.739   190.535   322.578   306.218   393.65   310.625   216.392   419.39   198.679   268.444   253.106   313.956   213.087   177.421   165.683   149.491   185.707   213.69   193.487   207.781   208.273   
294.867   222.269   323.136   184.94   314.096   259.719   261.193   267.064   352.921   279.686   271.826   167.345   335.4   242.343   297.148   259.178   280.468   202.601   229.876   178.897   256.892   254.868   156.285   236.864   
223.024   353.057   310.557   200.962   266.826   318.92   239.143   326.148   188.575   237.853   333.03   372.011   252.052   239.574   211.019   302.415   127.965   167.992   249.898   162.106   267.578   224.316   219.622   117.435   
78.4839   266.188   277.636   249.883   291.386   308.64   327.758   368.145   333.552   287.939   268.384   363.961   303.203   385.079   222.317   181.111   326.718   144.428   153.047   201.014   77.068   142.815   155.563   223.875   
152.386   253.97   183.055   231.006   427.573   211.025   278.096   274.581   213.522   288.106   389.04   397.466   381.141   221.67   293.46   203.91   251.177   220.007   244.569   217.703   130.264   248.209   211.706   212.136   
217.7   333.705   278.861   292.411   165.408   362.582   191.771   340.378   227.381   294.242   174.559   330.868   331.773   255.605   234.489   243.997   198.289   249.915   165.937   190.174   193.239   174.981   164.034   174.387   
201.978   193.535   308.419   210.255   273.468   263.76   360.435   336.644   220.665   280.803   285.372   293.754   373.364   287.842   267.438   215.27   290.028   228.858   165.672   322.614   290.58   199.319   251.385   144.256   
169.074   246.053   195.147   259.156   260.064   350.016   243.677   261.921   220.565   312.282   191.776   358.152   131.56   301.234   199.075   319.071   164.96   210.921   213.56   241.665   266.3   180.644   170.834   168.308   
144.507   264.736   273.537   369.426   258.777   301.742   237.932   353.609   302.572   347.819   190.351   289.244   288.344   416.994   391.378   203.302   135.006   169.917   209.906   280.076   188.487   176.366   119.308   130.475   
258.607   304.657   252.178   259.416   128.739   321.848   300.237   309.212   369.172   209.917   284.725   352.225   296.221   263.141   305.532   341   286.724   256.815   159.704   219.67   228.314   256.446   137.779   213.934   
243.257   261.806   241.871   245.25   275.999   242.198   290.659   216.602   267.067   311.614   323.014   225.795   374.105   310.115   340.598   244.466   195.715   287.037   164.203   233.168   165.037   248.227   177.936   238.191   
260.141   371.704   265.235   259.172   261.956   300.746   364.974   258.055   290.928   317.486   158.769   341.422   387.666   242.363   299.709   252.791   207.366   197.7   221.901   154.72   223.564   175.574   209.804   149.588   
163.022   414.71   248.456   166.145   270.912   206.839   256.902   384.008   339.352   218.817   208.92   268.472   447.764   142.088   312.677   225.32   366.186   169.971   165.232   236.385   228.243   148.467   263.661   182.004   
202.72   339.852   210.601   184.968   403.709   361.732   218.319   323.453   232.217   307.524   267.767   290.649   319.982   217.28   135.846   230.775   247.14   224.101   165.576   244.539   231.067   222.942   296.776   263.847   
196.86   209.513   160.76   265.403   320.819   333.016   266.997   275.319   267.533   355.877   321.541   302.055   276.93   377.778   303.966   200.022   229.533   244.28   189.188   204.056   217.948   162.248   229.932   195.065   
188.531   253.66   349.436   215.809   201.063   219.008   308.376   336.543   340.022   345.34   246.83   324.408   269.715   232.106   274.706   280.723   243.717   95.0726   136.645   187.179   286.099   210.799   170.076   225.934   
180.245   363.243   408.585   314.207   337.569   231.351   269.786   270.572   169.422   170.159   257.257   250.972   200.738   176.303   307.667   231.064   259.373   200.314   228.739   235.961   191.567   191.719   278.414   179.322   
203.664   289.582   267.086   280.304   334.422   317.315   419.22   198.672   248.407   296.613   282.555   206.171   168.098   224.01   324.247   237.819   222.259   252.69   179.011   187.4   247.484   156.292   207.738   197.316   
148.604   332.856   293.154   295.795   200.149   380.831   211.679   288.528   272.303   272.23   282.14   336.743   269.968   243.191   344.168   221.636   199.365   174.742   174.047   207.362   242.765   193.481   203.266   136.023   
169.797   354.324   227.46   316.756   336.69   376.096   387.092   304.907   314.456   259.008   195.703   418.497   217.968   373.812   376.695   236.037   209.351   231.932   173.375   217.227   248.375   227.484   184.666   165.205   
265.703   172.924   267.611   308.943   276.553   247.299   287.245   274.76   270.058   176.313   232.56   290.125   299.685   267.178   152.125   336.991   232.932   293.135   214.775   233.049   278.11   152.198   153.789   237.832   
190.452   248.49   187.217   340.245   328.139   339.215   411.892   262.24   294.988   191.084   194.772   331.544   265.258   331.124   302.447   220.133   206.08   230.482   195.455   220.875   177.785   187.888   169.097   202.686   
239.877   187.462   336.2   215.823   308.868   254.526   392.502   261.12   298.608   249.055   342.355   369.459   349.912   262.419   315.625   283.661   272.136   206.548   217.768   227.356   242.177   200.672   116.345   111.16   
191.631   194.379   244.544   240.796   261.889   246.379   332.507   280.944   247.428   315.422   197.303   226.135   389.689   229.516   230.906   230.018   233.592   254.765   39.1582   176.388   172.124   209.196   232.435   218.81   
196.129   139.47   260.057   282.167   247.61   390.079   271.6   370.218   233.014   362.517   276.939   286.043   275.775   204.339   383.534   272.766   283.042   191.546   234.449   192.893   219.255   201.615   160.223   146.763   
305.455   206.317   259.734   260.595   294.044   229.759   403.756   240.317   247.648   225.414   433.223   298.938   186.02   394.863   269.88   339.321   319.321   229.592   231.829   248.529   254.624   216.133   182.437   251.558   
202.03   156.922   261.14   348.575   221.232   304.647   365.404   386.949   344.385   214.267   238.071   296.465   153.648   308.234   353.698   255.76   227.979   223.897   226.572   196.855   183.871   195.947   179.722   184.625   
115.906   324.873   316.383   198.263   341.495   201.853   263.226   259.686   294.619   208.951   400.567   257.594   397.534   234.655   352.391   212.275   218.913   206.045   139.538   106.869   149.731   164.851   254.118   226.567   
216.856   261.935   210.609   277.368   318.339   387.122   318.5   279.325   235.473   241.28   300.576   374.653   231.329   359.143   303.686   164.131   294.341   163.645   213.34   186.205   213.196   178.515   226.699   147.858   
194.318   303.324   239.085   190.075   234.643   374.448   321.386   377.57   196.852   298.825   240.188   254.667   280.694   294.388   416.575   332.576   252.675   135.418   204.989   104.095   338.021   176.454   176.412   126.605   
156.432   288.797   305.211   285.495   175.257   315.031   329.72   130.243   288.702   260.544   110.87   345.536   271.57   173.283   375.133   126.746   309.129   234.089   215.341   164.201   253.394   207.493   236.084   186.181   
193.116   197.429   308.388   259.163   232.675   259.848   196.136   295.039   278.051   150.815   214.273   294.288   367.968   388.304   396.96   271.994   123.319   151.756   93.7843   183.919   348.31   208.976   210.901   204.447   
194.013   289.427   281.403   342.964   288.032   196.361   160.431   182.374   257.13   291.708   249.588   379.581   273.673   301.786   302.289   306.804   263.108   247.916   267.165   222.764   221.941   232.672   280.969   79.6216   
162.395   401.435   250.852   266.924   231.575   342.279   329.688   293.087   333.214   345.832   258.738   315.802   189.899   226.363   308.238   317.959   285.938   282.613   166.268   232.635   157.316   199.718   203.407   172.927   
156.365   306.798   269.089   331.049   291.347   278.786   382.217   285.795   408.922   267.181   263.828   416.816   286.225   296.949   364.998   335.573   251.792   229.651   212.844   236.874   234.582   161.658   204.157   215.665   
219.998   321.68   312.65   161.23   255.303   267.446   258.915   336.836   196.94   261.919   377.487   325.005   318.107   420.97   388.203   335.82   187.041   93.3085   222.454   120.585   234.148   177.113   175.254   157.508   
273.677   253.907   251.934   145.553   254.66   338.571   334.711   291.157   218.153   396.284   211.928   315.996   369.812   259.986   250.487   296.417   242.544   308.965   108.209   222.301   322.925   212.44   222.597   184.914   
173.742   148.461   138.21   351.908   104.404   288.006   339.554   250.114   311.321   303.746   300.57   290.024   236.706   241.421   437.355   169.941   156.801   198.452   181.808   182.851   343.587   187.648   246.365   231.172   
167.019   360.382   286.273   230.103   292.758   233.754   414.988   367.991   323.385   253.336   272.272   321.092   481.408   276.654   347.865   203.093   263.947   261.083   109.147   165.31   142.518   168.758   141.38   65.7038   
243.697   223.871   258.972   228.314   278.788   348.207   265.104   355.837   197.852   174.29   322.157   322.765   166.931   354.474   242.666   225.345   223.336   282.011   175.524   75.5166   227.343   216.571   327.688   201.169   
234.491   129.268   320.151   247.664   292.29   294.846   364.366   281.962   310.144   353.907   280.347   221.213   368.004   298.808   285.963   160.118   316.502   194.832   109.467   203.245   294.603   146.825   141.155   183.686   
226.86   146.778   189.48   265.878   214.042   308.728   370.094   349.845   211.097   294.989   322.396   292.995   296.671   265.539   220.863   229.923   248.51   189.079   207.136   162.296   165.73   165.981   254.227   212.899   
168.773   276.417   273.766   188.76   314.733   290.657   353.459   218.967   378.392   177.626   380.169   288.604   389.094   139.132   303.081   290.764   265.878   152.332   143.753   261.213   233.494   235.055   216.538   269.258   
210.24   241.862   220.516   196.514   248.8   267.412   386.578   234.462   168.935   335.792   359.448   268.324   267.628   208.123   300.689   291.76   206.138   210.07   124.853   212.687   162.881   221.245   234.955   233.222   
229.191   252.796   231.79   141.831   135.573   397.969   392.752   272.259   279.732   238.838   335.843   408.171   396.577   248.76   301.976   249.347   160.605   138.278   168.672   128.765   144.103   207.88   262.665   119.675   
151.672   216.918   234.999   325.452   225.358   392.273   473.234   338.928   313.9   200.571   207.676   276.332   324.669   224.513   295.299   140.059   281.469   239.279   199.946   161.325   190.727   204.924   208.827   146.524   
217.012   190.809   329.41   146.512   258.041   254.189   180.479   403.876   291.526   248.055   144.866   284.668   319.394   342.364   252.969   354.113   222.862   212.529   223.859   249.852   183.306   222.979   203.664   196.539   
231.439   265.128   197.265   274.16   152.673   282.169   356.667   425.03   247.762   322.14   212.266   353.315   335.641   296.354   271.228   271.987   239.114   302.149   260.215   186.581   222.364   240.958   236.397   144.848   
230.131   254.319   230.375   324.443   285.636   261.547   306.59   313.174   264.179   251.272   199.135   408.404   401.078   231.676   228.049   291.405   212.145   205.139   290.259   201.846   193.399   184.323   305.8   194.489   
194.367   336.127   233.627   332.652   335.351   290.89   342.317   309.012   281.978   194.08   426.831   344.95   265.666   235.993   305.074   171.423   245.76   253.726   186.158   222.844   223.153   193.991   216.506   80.6435   
211.374   303.874   290.301   351.973   244.685   319.564   263.527   349.242   265.411   358.1   366.588   335.544   250.122   261.561   311.78   359.521   252.699   201.035   156.907   160.685   234.225   163.805   205.294   202.793   
216.189   305.19   257.103   292.253   262.678   275.161   222.322   275.124   228.893   237.268   360.884   287.362   365.094   258.635   246.99   383.753   159.962   189.701   297.148   281.303   196.057   263.717   146.397   103.861   
141.211   175.508   230.251   201.747   305.001   377.602   406.784   395.581   281.628   161.925   415.492   250.498   396.436   321.975   322.905   234.63   180.522   213.689   171.504   231.832   197.131   177.694   146.082   196.284   
202.864   249.302   146.564   255.174   180.085   297.441   299.346   250.734   262.543   341.268   230.762   346.155   235.351   248.724   371.191   339.681   217.698   196.625   188.819   200.184   293.762   160.025   270.765   150.887   
132.847   266.849   336.934   179.502   275.219   455.253   294.228   242.984   298.133   293.504   286.114   219.889   294.018   236.447   300.155   257.291   212.25   223.269   219.012   224.745   213.337   124.789   292.666   144.541   
144.246   212.42   270.601   163.396   267.258   243.302   287.278   299.026   213.89   368.74   360.997   409.198   300.818   290.588   327.741   296.649   184.731   205.384   193.87   240.433   172.655   138.685   171.324   173.827   
127.427   356.966   223.432   247.884   285.54   259.881   310.577   394.328   118.66   237.942   312.17   466.272   296.788   262.584   196.685   302.66   249.236   183.281   241.739   197.308   179.248   250.005   81.8891   158.248   
157.858   240.924   238.48   252.907   152.426   390.239   395.038   354.077   339.67   252.588   230.175   358.971   311.241   262.527   312.69   261.63   254.031   244.393   212.143   261.709   241.376   285.639   129.528   229.94   
208.381   356.103   338.089   293.491   283.375   269.991   272.079   269.902   280.231   324.53   278.066   327.916   360.853   257.445   207.028   238.777   328.084   135.48   236.57   172.705   247.164   180.835   245.022   180.424   
118.697   312.269   290.984   222.943   166.003   428.77   322.546   257.412   313.752   279.315   366.229   306.596   334.566   289.427   281.936   280.149   191.286   121.332   198.173   157.598   211.707   178.144   194.549   155.448   
177.963   202.487   409.079   235.106   245.544   366.453   325.356   227.595   233.939   121.577   324.71   278.087   239.755   335.477   310.265   143.21   182.604   146.369   215.398   206.243   210.112   173.496   228.387   156.118   
239.921   145.307   335.404   297.453   355.664   224.608   127.671   449.304   241.587   234.041   355.803   260.47   206.697   325.209   313.309   224.93   150.241   169.87   208.574   173.354   156.117   142.732   181.318   201.501   
236.483   221.585   270.158   295.247   270.67   208.479   338.378   363.699   384.584   305.223   385.466   313.474   219.706   376.655   286.553   311.712   138.688   173.05   242.36   163.269   256.393   177.638   166.711   210.172   
186.322   180.559   162.578   257.887   244.857   412.172   290.978   365.337   226.859   281.256   333.057   396.273   192.021   346.409   237.022   181.89   169.15   148.53   127.281   168.475   223.007   142.498   118.558   158.201   
191.924   249.741   208.618   254.511   256.487   179.236   212.378   310.183   245.013   215.177   166.743   292.439   371.357   237.413   188.885   162.9   153.423   207.282   186.14   192.808   228.75   205.035   284.198   167.828   
189.576   242.034   217.456   220.964   230.788   329.405   320.439   314.291   337.8   365.514   340.769   234.809   219.762   274.508   327.744   283.87   261.106   182.906   206.353   199.977   150.778   176.935   283.935   176.992   
181.138   174.505   290.036   314.911   228.805   295.618   201.757   247.088   249.88   272.846   319.352   319.819   315.509   359.224   361.016   156.948   172.209   196.687   148.301   194.168   351.958   200.368   186.039   170.913   
169.74   202.794   104.185   200.59   265.964   261.093   287.059   370.151   231.244   316.293   287.922   237.4   203.062   254.296   255.76   192.17   255.601   222.039   201.846   182.351   171.653   203.323   211.963   215.189   
161.828   173.713   145.179   226.708   280.127   349.903   368.202   283.592   357.76   386.564   268.596   445.012   275.234   340.246   338.642   167.859   287.756   277.523   99.1978   191.183   217.589   247.049   188.808   195.967   
173.334   300.38   236.767   289.737   307.319   236.804   273.311   193.157   155.239   223.323   316.963   351.599   383.761   335.151   309.472   216.993   216.959   219.93   327.338   183.686   187.95   231.992   220.61   212.544   
231.948   196.119   257.785   150.182   191.52   252.066   350.94   372.675   391.044   357.189   301.878   352.206   396.741   363.673   339.804   388.774   227.678   286.702   219.214   192.342   303.184   152.609   174.515   162.929   
95.1829   321.139   235.374   264.014   282.73   403.375   185.345   401.453   190.11   193.394   245.869   311.804   313.587   302.709   371.864   218.483   164.844   311.409   295.201   211.674   198.326   125.717   276.931   221.453   
162.199   240.335   275.873   228.869   258.886   336.181   333.313   230.757   173.84   326.709   307.611   326.038   439.135   105.875   277.827   325.747   238.259   157.78   197.91   197.086   169.048   277.983   225.151   165.77   
201.227   190.614   196.745   310.52   313.377   254.656   311.085   411.201   257.547   326.131   250.716   348.499   397.601   300.848   338.717   219.59   285.203   172.185   202.326   183.914   224.28   245.874   214.727   148.196   
211.529   346.429   313.172   176.819   246.899   279.156   354.904   238.235   280.287   293.261   374.581   346.719   392.513   197.275   289.931   297.071   205.946   205.281   247.165   187.724   239.009   230.441   238.504   172.151   
236.147   242.806   310.385   178.37   289.726   282.753   421.621   157.809   292.44   226.975   295.372   333.8   454.531   251.81   243.255   211.865   210.943   245.532   299.009   251.885   211.002   101.25   237.295   221.606   
140.238   305.476   137.713   299.967   246.189   259.92   394.086   444.689   338.747   211.137   330.208   262.901   193.311   327.982   137.794   257.795   149.535   178.043   267.241   140.998   325.04   241.833   293.049   186.792   
166.556   242.04   262.418   300.311   225.666   275.145   284.202   164.934   234.17   178.721   304.775   262.362   284.479   327.092   257.038   308.701   255.374   229.209   187.724   176.306   196.623   182.313   206.971   264.271   
194.662   243.875   285.757   319.952   208.266   422.307   349.572   337.119   277.648   282.495   370.961   294.025   268.513   270.154   202.679   264.868   163.116   280.53   143.259   230.023   176.449   199.523   204.22   129.905   
214.909   215.496   292.314   259.122   292.42   151.753   350.392   277.973   301.7   288.613   341.507   291.008   291.315   326.212   230.427   169.798   235.81   207.058   227.654   180.418   208.184   234.874   207.261   227.364   
193.276   288.802   159.546   320.306   276.05   278.545   286.583   262.421   236.146   303.195   286.794   347.123   323.253   348.643   188.263   359.551   250.861   166.578   130.709   166.75   289.61   152.179   241.331   181.529   
169.65   330.377   247.32   264.353   224.764   407.475   233.741   422.531   243.633   238.529   234.176   281.324   122.309   294.044   228.978   315.957   291.458   274.263   99.8798   174.751   182.798   177.159   137.53   156.907   
233.188   123.506   177.755   228.47   237.156   277.64   313.364   352.518   313.704   268.949   378.126   265.953   302.036   258.761   348.747   374.004   141.435   223.103   230.367   210.088   161.709   149.627   286.114   204.377   
218.35   331.918   327.688   269.404   223.203   383.26   275.328   334.651   295.919   285.029   249.551   349.33   275.298   273.121   281.282   246.522   178.896   174.172   219.196   230.166   296.798   177.793   168.968   258.462   
257.546   270.214   216.491   289.815   150.905   329.813   165.464   321.53   189.154   317.714   266.725   320.977   325.206   285.195   291.39   204.294   276.758   153.299   266.179   127.245   192.395   234.48   180.237   162.022   
170.198   184.284   218.989   335.783   290.619   195.822   306.419   347.009   283.792   250.142   261.122   392.479   322.541   250.44   262.178   209.656   160.59   219.022   236.493   171.54   175.452   168.095   208.004   134.178   
201.521   360.975   204.413   297.824   182.384   180.802   318.343   439.306   253.218   226.283   296.265   297.574   353.513   339.208   232.157   224.105   199.118   276.516   195.479   122.572   174.398   176.413   241.609   298.83   
215.067   214.287   181.791   258.696   248.788   367.929   388.98   218.981   268.553   317.907   298.796   250.169   279.754   360.216   354.983   285.198   189.055   245.301   242.741   243.247   141.622   262.483   201.3   199.605   
177.447   182.654   342.416   250.11   211.396   286.137   332.011   253.567   299.688   339.966   322.704   285.103   211.808   194.377   233.332   187.661   261.54   222.411   165.544   173.118   192.776   238.372   253.881   197.898   
240.252   372.81   199.249   235.253   303.506   341.11   273.828   367.623   296.662   287.741   305.352   345.736   231.469   250.903   190.267   205.732   260.468   201.443   195.615   188.225   202.099   202.267   88.6383   212.115   
196.881   203.782   297.397   98.8814   328.59   255.347   298.214   271.157   429.393   247.601   350.723   234.166   145.892   332.942   234.587   343.027   303.444   144.159   229.276   221.994   176.356   315.759   143.976   216.384   
205.538   133.864   228.255   191.444   202.104   200.744   335.172   220.74   367.374   278.041   334.391   267.431   254.171   306.831   326.041   205.843   290.952   231.434   218.614   235.442   259.91   213.5   158.864   176.242   
256.635   320.791   197.532   254.493   313.624   336.518   334.165   248.472   324.985   280.645   348.65   358.817   213.077   271.672   242.882   210.831   206.94   114.622   152.693   174.587   190.661   222.784   180.347   114.184   
200.263   207.397   240.236   233.477   189.425   317.124   286.931   267.113   305.238   178.216   290.785   325.341   297.692   336.503   249.595   311.009   199.081   202.327   269.654   209.503   174.034   214.109   249.935   255.947   
177.524   275.349   209.466   265.587   212.783   305.052   372.71   351.725   393.177   306.354   253.874   328.384   267.213   268.231   347.816   326.687   155.95   191.686   227.407   175.713   268.05   211.772   171.266   225.794   
171.351   371.876   243.773   193.673   294.274   375.573   430.263   197.576   302.027   258.312   297.439   391.814   272.254   410.684   256.852   246.37   244.202   221.401   59.3768   209.051   130.687   192.244   203.224   125.064   
130.898   289.835   197.478   252.88   268.59   347.634   179.206   278.797   325.776   251.548   307.443   327.841   409.118   227.215   277.309   154.034   245.712   200.904   225.686   209.899   125.639   202.056   228.302   67.2486   
164.285   195.724   356.821   234.837   338.915   285.905   274.594   271.638   228.374   342.513   202.804   404.042   342.24   438.048   221.734   301.922   260.903   177.28   158.585   150.279   231.189   160.516   316.605   233.748   
221.635   179.141   317.733   332.365   242.902   170.777   440.113   199.444   142.976   305.619   299.578   221.505   358.111   318.057   391.81   130.321   215.709   236.746   165.252   241.986   231.693   212.931   335.077   202.852   
212.156   289.796   277.115   211.432   315.429   359.091   316.683   252.644   323.502   288.936   313.182   302.26   442.095   406.252   314.306   149.414   261.469   214.804   241.56   156.508   200.736   192.98   281.683   257.673   
156.512   347.555   205.054   273.94   159.42   214.497   252.08   260.653   247.162   159.729   332.575   368.302   355.544   328.388   214.099   311.085   182.05   239.357   163.989   156.735   188.671   281.618   295.663   136.496   
263.344   379.016   270.303   250.055   251.642   338.369   233.356   304.501   231.644   246.611   291.356   398.873   382.127   279.641   286.788   307.956   129.467   183.83   216.23   141.273   229.539   247.541   273.817   275.946   
226.334   212.674   302.694   136.826   183.303   260.234   423.696   253.642   384.241   282.506   224.674   405.229   345.224   318.464   303.526   312.336   264.153   270.578   129.388   236.717   209.478   107.438   184.676   203.273   
156.711   273.493   353.223   194.489   327.481   316.532   274.766   326.292   356.601   226.306   355.481   193.257   281.434   327.701   179.964   374.926   307.854   292.947   194.807   179.988   182.217   206.903   284.87   111.607   
267.42   307.994   168.737   242.655   156.618   255.367   390.804   215.769   222.571   350.515   321.313   421.877   265.33   319.367   287.506   267.572   258.859   218.781   214.376   168.044   245.012   262.145   219.851   233.497   
196.112   203.349   263.238   226.009   86.9102   288.687   277.215   181.181   205.774   320.734   318.076   318.375   356.076   319.577   349.538   153.549   234.591   245.917   238.044   148.225   194.48   206.989   251.931   144.192   
219.18   306.065   250.281   241.217   167.454   398.843   247.031   238.906   313.54   44.7542   349.45   213.332   232.401   361.87   288.812   293.151   217.836   270.11   134.265   215.192   257.938   205.368   151.036   106.349   
246.487   220.111   193.77   323.096   274.739   222.611   249.83   250.666   174.974   287.322   313.125   332.967   390.691   235.54   232.596   169.532   201.618   116.665   243.805   317.476   321.306   151.318   214.653   229.682   
121.81   232.381   239.335   181.651   252.605   280.487   233.221   299.491   347.034   230.458   197.988   374.894   221.078   287.763   293.685   221.589   223.158   245.861   229.078   150.491   225.538   172.965   220.715   273.293   
220.352   277.105   220.413   150.913   302.621   310.664   335.212   355.015   173.773   211.357   305.51   285.933   310.095   355.175   293.384   152.18   290.591   213.817   102.319   189.185   160.834   141.504   267.473   158.534   
143.72   287.657   246.924   274.281   221.92   315.857   321.342   191.282   294.411   177.241   269.068   179.708   224.771   246.04   351.63   297.311   169.006   153.037   174.016   260.765   213.523   284.413   302.824   211.899   
197.775   59.3145   215.152   265.7   400.606   233.06   443.622   343.463   175.215   175.684   194.783   316.599   311.196   301.402   266.383   218.121   226.167   84.1519   194.017   260.014   196.452   145.864   227.776   186.951   
195.598   301.745   244.546   135.844   204.902   292.591   298.898   374.721   264.012   153.344   360.984   303.031   303.151   275.955   233.769   146.366   217.13   269.934   130.294   133.407   214.107   136.447   229.72   70.6868   
104.366   171.759   242.527   166.93   250.061   54.8707   234.242   263.401   290.259   307.538   290.277   144.882   242.115   441.503   265.77   220.346   158.191   281.196   220.088   196.547   198.175   236.078   219.176   133.352   
193.593   207.627   252.094   293.668   233.849   252.446   208.953   383.29   156.998   296.6   164.478   307.112   425.313   342.985   148.764   206.797   291.355   185.644   218.77   173.563   161.177   194.915   226.627   198.433   
201.032   261.432   218.269   246.583   326.096   420.913   295.175   285.32   241.562   128   305.377   333.517   218.712   230.326   249.541   193.882   209.59   285.256   219.763   273.206   124.52   171.869   245.008   185.858   
195.651   190.662   238.226   164.644   321.484   151.007   341.636   257.464   299.202   237.255   268.766   328.097   262.36   198.877   257.095   412.55   251.478   168.299   209.967   239.854   182.22   196.568   244.936   192.549   
169.396   262.241   276.027   245.436   292.341   208.853   258.871   202.56   294.505   328.599   304.951   250.05   313.5   323.481   323.255   167.162   264.567   225.627   227.527   131.053   221.44   180.253   184.155   211.891   
246.5   155.735   247.008   209.396   204.901   359.235   347.532   296.336   296.741   311.428   346.55   239.487   306.808   285.615   288.143   209.939   240.182   159.025   267.123   139.179   188.278   255.628   175.117   188.571   
244.748   252.775   252.218   315.955   263.947   218.11   394.03   329.798   345.301   259.208   193.731   190.304   274.522   129.074   371.766   307.293   210.309   205.103   290.414   311.276   246.648   219.934   229.353   235.465   
184.738   286.483   291.863   272.476   159.173   246.218   172.05   292.985   212.461   222.105   368.002   138.404   188.886   371.423   266.707   250.023   199.327   186.01   134.163   171.83   118.754   136.203   197.099   153.226   
203.325   292.684   260.213   386.102   277.15   314.071   408.331   290.008   261.733   270.279   278.607   257.628   355.405   225.356   278.395   247.566   269.049   185.043   191.974   159.593   193.937   175.805   194.225   125.3   
243.369   258.983   265.531   250.562   235.331   283.025   224.531   333.494   430.906   214.722   220.472   241.936   296.118   281.334   219.305   329.668   190.263   213.262   152.436   132.218   221.803   228.956   263.685   153.881   
130.942   194.574   248.444   312.979   188.517   346.24   298.947   270.475   265.336   223.265   361.478   352.53   343.565   289.178   337.927   351.117   272.645   149.372   233.771   213.041   228.768   224.469   167.224   177.475   
207.643   197.208   212.731   161.32   302.646   319.269   277.618   390.427   310.687   204.074   270.354   426.272   332.778   305.113   375.843   294.896   247.6   217.697   299.12   238.485   277.876   202.867   174.749   191.981   
139.847   292.907   288.641   319.824   303.447   184.689   337.25   332.69   254.502   253.356   350.391   269.799   337.73   403.958   346.684   287.289   289.521   207.818   249.292   207.856   193.882   184.408   284.559   187.739   
199.554   276.499   153.27   271.367   336.014   484.967   420.092   286.079   249.525   287.757   308.012   229.806   189.691   199.469   325.882   264.619   268.164   193.825   169.7   206.209   139.623   255.99   193.952   188.058   
218.242   217.003   336.824   145.966   113.001   278.68   385.993   302.017   324.995   267.648   135.519   373.567   279.22   235.703   220.497   336.227   246.894   280.768   228.969   213.686   286.347   153.936   267.926   200.488   
203.795   232.217   195.143   272.206   206.692   323.999   332.456   285.024   206.897   156.623   246.106   368.373   291.37   224.063   222.819   275.348   358.224   291.268   188.571   77.0259   177.093   306.095   206.975   160.392   
188.093   195.214   194.28   289.964   260.003   414.198   245.644   404.225   307.186   200.654   374.51   322.683   194.538   214.012   259.293   286.353   173.322   214.738   184.7   228.226   198.166   138.124   148.783   126.655   
219.041   195.886   228.025   254.112   234.24   181.43   361.212   330.906   369.825   245.513   351.026   382.313   266.297   212.632   247.055   296.968   313.041   177.491   151.634   128.512   162.963   172.381   218.631   102.887   
241.228   314.063   331.591   194.255   194.791   302.52   308.336   321.821   285.64   242.939   360.99   220.542   353.129   320.307   266.205   257.992   208.383   280.548   162.337   165.512   116.726   255.701   230.162   88.183   
174.759   282.714   270.622   156.864   255.862   273.133   193.01   181.141   293.22   286.585   293.541   272.641   347.928   249.043   180.94   262.101   62.4501   234.59   257.118   186.952   204.138   281.337   164.373   164.928   
248.178   219.773   240.499   152.045   301.809   372.101   387.717   163.583   344.858   217.418   285.002   336.197   309.237   197.978   322.463   226.836   252.271   183.96   208.375   173.023   178.055   222.794   299.474   247.812   
176.686   221.695   277.234   206.325   300.568   304.471   435.196   305.528   347.917   338.663   95.2348   284.603   368.239   352.265   317.8   270.614   153.13   171.198   210.351   216.592   72.5933   299.212   236.345   254.69   
162.944   242.762   310.582   264.529   221.605   282.255   213.002   272.884   279.516   314.789   260.37   366.177   210.421   262.368   183.458   331.553   273.5   267.669   149.046   255.971   155.259   200.342   284.838   182.852   
134.79   225.752   340.365   281.383   163.579   331.4   262.343   300.79   332.049   246.165   350.931   303.539   285.342   220.235   324.613   207.162   270.786   220.203   312.845   158.955   103.393   215.341   191.251   132.616   
109.499   179.437   172.283   255.3   359.494   189.641   216.492   253.702   222.617   411.428   365.102   264.727   356.507   285.48   263.245   225.216   226.842   177.398   196.054   213.567   183.8   198.922   184.749   121.791   
185.784   227.845   374.04   443.756   281.888   270.068   349.266   262.512   259.775   303.002   290.287   322.446   138.142   342.61   200.601   291.307   186.31   105.931   321.15   297.173   138.059   175.526   294.618   117.056   
156.626   231.046   191.261   323.551   331.355   368.077   378.889   296.598   308.11   134.451   264.833   283.284   325.859   293.777   210.343   248.551   151.877   210.223   183.702   163.965   204.406   309.028   250.166   227.127   
219.831   186.043   247.342   367.056   348.203   288.361   315.555   273.654   193.417   284.144   328.811   362.609   307.906   286.107   228.039   169.461   130.208   172.048   281.464   57.9428   212.744   271.673   200.338   167.655   
133.957   177.139   280.878   152.645   342.288   338.605   275.602   280.978   221.808   307.432   201.781   305.856   353.217   378.043   254.155   256.63   240.765   210.298   206.406   227.198   142.552   215.301   217.718   200.143   
199.92   325.002   281.327   230.378   288.216   398.1   295.572   322.413   166.985   326.877   327.421   198.407   203.441   431.127   315.475   224.664   152.91   231.349   188.676   131.478   194.718   203.02   227.883   170.025   
154.082   412.398   269.584   295.629   332.967   358.191   274.901   294.822   237.434   175.547   386.317   235.893   226.988   357.821   322.95   292.181   175.022   212.885   124.333   242.939   215.866   179.395   157.476   127.761   
187.729   304.979   380.97   178.378   230.697   328.692   442.492   331.856   238.146   199.352   146.466   327.291   309.766   227.278   230.862   367.396   195.618   199.537   107.829   249.686   217.303   163.555   188.005   195.482   
182.615   277.678   180.684   272.325   233.48   264.472   408.618   309.875   238.492   429.282   163.122   292.725   366.494   295.158   343.444   164.175   346.499   198.922   248.615   246.735   150.246   268.518   189.38   191.479   
118.692   62.2344   251.179   205.676   291.589   174.511   300.745   154.515   271.745   274.912   188.7   267.797   364.709   312.311   200.082   338.111   277.793   226.576   135.719   202.626   206.432   207.481   219.427   156.587   
167.874   130.817   271.75   306.718   364.396   165.686   234.537   299.387   302.442   292.201   261.488   370.98   347.811   296.039   189.423   255.111   224.734   246.407   260.746   160.858   242.206   149.668   193.444   198.453   
207.034   257.45   289.208   196.403   273.146   338.402   226.453   256.294   240.668   207.523   316.019   325.613   378.02   252.907   320.932   289.078   197.756   160.083   147.3   161.974   200.336   169.652   246.666   178.357   
175.752   203.856   314.653   303.068   258.082   284.617   274.7   319.937   309.441   236.504   308.051   223.581   440.611   346.465   282.55   166.797   176.276   184.968   184.192   134.269   218.067   77.6668   171.673   144.949   
204.97   198.962   315.897   360.446   172.264   477.392   170.776   339.476   290.953   248.796   210.178   304.253   259.625   290.321   294.522   147.613   351.115   267.882   192.661   204.048   165.259   267.991   272.925   172.605   
206.051   266.892   292.278   351.708   251.635   250.484   238.889   127.906   311.062   299.826   270.415   291.544   183.284   275.039   262.347   270.989   270.589   201.137   152.69   187.928   120.04   244.529   166.781   217.088   
182.426   292.155   153.081   273.066   166.463   428.41   313.43   343.339   220.591   333.704   344.607   212.526   213.161   349.192   291.484   213.893   268.415   203.578   292.459   147.849   207.991   201.137   116.44   228.006   
187.535   244.491   269.102   336.579   289.263   294.069   431.084   201.533   226.254   236.544   403.975   312.313   229.129   156.754   194.646   163.835   321.495   238.257   161.313   231.62   192.071   236.463   221.628   131.77   
238.313   213.186   153.992   347.518   216.361   388.533   395.347   381.116   257.411   185.013   361.56   278.535   240.721   341.716   314.766   279.652   307.998   270.295   175.365   122.981   205.239   198.684   195.815   175.201   
230.882   300.518   176.158   229.061   336.147   305.879   296.372   298.853   177.772   286.415   304.029   340.076   321.933   236.539   275.921   204.486   247.38   277.847   208.425   224.946   325.467   142.642   166.287   177.779   
235.295   239.956   247.648   216.151   277.256   316.315   293.567   406.649   308.458   349.449   374.918   295.552   354.294   351.966   242.169   292.384   231.343   153.039   224.579   194.828   217.229   235.385   193.029   200.232   
180.919   180.647   282.803   299.409   265.579   281.367   283.488   260.688   255.762   240.936   306.393   357.577   316.751   251.471   480.295   243.207   192.998   210.334   108.873   225.368   179.013   279.194   229.879   217.137   
201.613   246.461   191.166   295.545   208.988   258.1   255.552   223.794   340.29   266.226   254.381   328.016   305.292   246.94   297.778   240.88   215.925   198.8   211.145   183.441   234.897   266.073   203.727   134.483   
