141.038   214.992   242.784   303.965   255.399   300.414   329.338   272.922   207.915   292.925   113.285   275.94   356.31   242.349   314.343   278.87   212.236   181.855   132.954   232.563   284.477   161.535   190.518   153.459   
170.036   239.146   351.221   161.876   270.142   382.278   336.649   374.338   251.675   309.484   294.449   249.058   337.119   111.374   302.35   309.504   197.249   180.55   187.787   158.977   248.026   271.259   258.006   166.549   
248.65   187.305   240.449   209.017   285.502   302.066   360.2   297.811   219.422   187.562   309.108   430.724   351.438   215.371   332.399   226.865   192.179   163.518   284.058   218.299   246.731   136.226   169.504   173.982   
225.031   230.683   370.664   253.428   318.589   300.934   370.492   372.056   215.559   259.643   200.071   424.608   172.249   314.973   213.528   367.622   255.761   157.389   176.052   261.909   193.794   251.73   278.261   136.064   
268.233   250.505   178.198   189.567   220.229   214.776   199.839   321.08   362.494   295.075   216.842   273.349   219.055   365.051   288.721   285.438   298.34   145.895   134.383   142.826   229.523   171.11   265.834   84.353   
225.134   196.171   314.431   290.035   264.674   276.677   328.581   233.814   191.82   191.753   243.781   383.919   428.714   326.942   324.719   343.053   323.495   282.415   200.843   197.747   233.347   155.722   251.887   242.873   
209.27   93.4504   196.791   247.184   381.693   223.721   321.152   323.208   295.425   323.578   280.065   316.521   217.678   281.963   278.691   287.179   190.523   165.631   158.564   109.598   193.172   179.483   200.026   109.042   
229.541   208.276   217.392   246.316   269.64   343.075   330.461   178.955   282.412   293.034   369.63   205.345   307.323   242.4   261.166   191.171   151.21   222.564   167.26   224.959   219.979   202.331   178.386   233.804   
128.607   145.945   268.52   219.021   244.817   300.41   450.686   216.811   327.621   372.071   385.028   261.134   293.614   250.05   323.934   239.487   269.855   165.943   169.602   117.894   327.753   136.609   206.168   207.73   
223.308   195.727   340.806   255.033   285.097   295.188   346.209   323.722   361.003   222.232   191.668   150.034   381.932   289.859   236.125   183.757   151.717   228.633   186.099   264.584   181.17   174.191   279.595   242.915   
249.43   223.979   279.88   248.085   263.258   321.128   300.994   369.91   280.104   194.856   279.545   279.832   338.93   382.119   263.035   286.073   191.063   230.501   248.362   170.092   167.222   203.168   226.407   218.975   
144.427   277.252   269.018   254.681   327.481   301.847   256.073   379.522   219.884   326.482   353.367   288.684   204.382   249.294   302.03   353.243   304.419   171.895   187.021   198.531   187.282   141.987   165.034   159.84   
201.047   356.369   247.604   260.074   218.703   220.992   181.776   309.732   292.73   282.962   344.7   275.829   287.999   397.381   321.798   113.822   223.217   238.127   145.011   193.072   263.319   62.3948   141.089   134.321   
187.237   236.681   334.615   219.251   194.104   267.485   412.615   273.295   302.543   167.181   231.711   285.863   324.547   109.994   335.297   178.568   288.726   103.996   166.021   203.949   169.664   198.762   221.706   163.567   
211.664   308.544   238.921   213.51   235.616   277.424   280.034   358.348   382.298   286.155   316.52   294.825   303.716   355.985   346.857   278.156   267.529   209.65   143.359   174.101   184.782   155   217.554   210.103   
233.153   251.323   343.294   234.692   319.553   391.659   296.076   279.048   237.066   298.17   312.614   209.989   180.495   257.979   290.106   257.251   253.98   218.107   166.813   216.871   224.085   115.447   218.031   213.847   
224.267   164.069   213.916   210.175   289.502   241.752   379.548   305.152   177.179   220.138   358.677   351.204   281.159   250.82   202.003   297.191   202.488   300.624   141.131   114.329   251.764   192.707   179.967   171.229   
224.414   188.015   242.313   306.263   218.022   257.304   268.944   239.528   248.006   193.55   218.786   228.324   269.809   326.397   349.712   261.734   281.576   295.469   214.621   303.006   280.077   282.064   184.591   247.111   
77.9859   109.857   239.443   383.005   303.27   432.235   343.896   265.802   156.343   430.372   221.019   308.945   318.774   191.559   299.504   265.389   171.578   216.799   235.085   182.82   247.429   140.794   208.947   212.98   
193.236   201.511   236.155   239.164   270.653   234.236   269.295   240.963   203.426   285.345   216.952   343.174   308.729   298.709   223.066   287.259   239.072   235.933   247.392   173.531   165.676   225.882   251.59   224.787   
