The System Time:2015.10.19  14:9:14
207.456   286.147   277.559   315.262   254.139   310.844   197.458   279.395   289.36   334.571   344.627   219.697   355.361   358.33   285.055   248.524   278.044   210.672   249.021   196.742   74.4889   215.836   253.302   180.805   
207.456   286.147   277.559   315.262   254.139   310.844   197.458   393.639   342.862   307.735   373.632   324.581   344.877   317.117   251.222   310.749   181.574   262.838   174.136   259.932   157.133   194.678   186.822   186.923   
207.456   286.147   277.559   315.262   254.139   310.844   197.458   279.395   289.36   334.571   344.627   219.697   355.361   358.33   285.055   200.022   229.533   244.28   189.188   204.056   217.948   162.248   229.932   195.065   
207.456   286.147   191.166   295.545   208.988   258.1   255.552   223.794   340.29   266.226   254.381   328.016   305.292   246.94   297.778   240.88   215.925   198.8   211.145   183.441   234.897   266.073   203.266   136.023   
207.456   286.147   277.559   315.262   254.139   310.844   197.458   279.395   289.36   334.571   344.627   219.697   355.361   358.33   285.055   200.022   229.533   244.28   189.188   204.056   217.948   162.248   169.097   202.686   
207.456   286.147   277.559   315.262   254.139   310.844   197.458   279.395   289.36   334.571   344.627   219.697   355.361   358.33   285.055   200.022   229.533   244.28   195.615   188.225   202.099   202.267   254.227   212.899   
207.456   286.147   277.559   315.262   254.139   310.844   197.458   279.395   289.36   334.571   344.627   219.697   355.361   358.33   285.055   200.022   229.533   244.28   195.615   188.225   202.099   202.267   211.963   215.189   
207.456   286.147   277.559   315.262   254.139   165.686   234.537   299.387   302.442   292.201   261.488   370.98   347.811   296.039   189.423   255.111   224.734   246.407   236.493   171.54   224.28   245.874   214.727   148.196   
207.456   286.147   277.559   315.262   254.139   310.844   197.458   256.294   240.668   207.523   316.019   325.613   378.02   252.907   320.932   289.078   197.756   160.083   147.3   161.974   239.009   230.441   238.504   172.151   
207.456   286.147   277.559   315.262   254.139   310.844   197.458   279.395   289.36   334.571   344.627   219.697   355.361   358.33   285.055   167.162   264.567   225.627   227.527   131.053   196.623   182.313   206.971   264.271   
207.456   286.147   277.559   315.262   254.139   165.686   234.537   299.387   302.442   292.201   261.488   370.98   347.811   296.039   189.423   255.111   224.734   246.407   236.493   171.54   175.452   168.095   208.004   134.178   
207.456   286.147   277.559   315.262   254.139   310.844   197.458   279.395   289.36   334.571   344.627   219.697   355.361   358.33   285.055   200.022   229.533   244.28   195.615   188.225   202.099   202.267   88.6383   212.115   
207.456   286.147   191.166   295.545   208.988   258.1   255.552   223.794   340.29   266.226   254.381   328.016   305.292   246.94   297.778   240.88   215.925   198.8   227.407   175.713   268.05   211.772   171.266   225.794   
207.456   286.147   277.559   315.262   254.139   310.844   197.458   279.395   289.36   334.571   344.627   219.697   355.361   358.33   285.055   167.162   264.567   225.627   227.527   131.053   221.44   180.253   184.155   211.891   
207.456   286.147   277.559   315.262   254.139   310.844   197.458   279.395   289.36   334.571   344.627   219.697   355.361   225.356   278.395   247.566   269.049   185.043   191.974   159.593   193.937   175.805   194.225   125.3   
207.456   286.147   277.559   315.262   254.139   310.844   197.458   256.294   240.668   207.523   316.019   325.613   378.02   197.978   322.463   226.836   252.271   183.96   208.375   173.023   178.055   222.794   299.474   247.812   
207.456   286.147   277.559   315.262   254.139   310.844   197.458   256.294   240.668   207.523   201.781   305.856   353.217   378.043   254.155   256.63   240.765   210.298   206.406   227.198   142.552   215.301   217.718   200.143   
207.456   286.147   277.559   315.262   254.139   165.686   234.537   299.387   302.442   292.201   261.488   370.98   347.811   296.039   189.423   255.111   224.734   246.407   260.746   160.858   242.206   149.668   193.444   198.453   
207.456   286.147   277.559   315.262   254.139   310.844   197.458   256.294   240.668   207.523   316.019   325.613   378.02   252.907   320.932   289.078   197.756   160.083   147.3   161.974   200.336   169.652   246.666   178.357   
207.456   286.147   191.166   295.545   208.988   258.1   255.552   223.794   340.29   266.226   254.381   328.016   305.292   246.94   297.778   240.88   215.925   198.8   211.145   183.441   234.897   266.073   203.727   134.483   
