47.3663  43.1776  25.0162  37.7287  134.908  106.088  120.753  220.292  178.592  230  177.749  230  193.648  162.483  224.63  121.236  190.642  70.0795  152.579  132.808  121.261  114.857  124.271  87.1675  
61.6466  128.698  48.7542  108.715  84.6329  135  116.187  118.293  131.837  97.1214  135  113.219  115.492  135  93.8459  100.607  88.1208  135  117.381  108.213  81.8176  69.1507  114.784  80.6961  
160  97.8275  160  128.47  160  160  160  160  130.538  160  160  160  137.797  111.368  135.698  118.737  108.103  76.8319  103.09  85.235  100.537  131.237  93.8417  160  

47.3663  43.1776  25.0162  37.7287  134.908  106.088  120.753  106.322  227.18  230  192.821  230  230  230  194.47  155.127  138.86  138.281  109.981  64.6925  132.816  225.103  144.629  119.473  
61.6466  128.698  48.7542  108.715  84.6329  135  116.187  104.584  135  135  135  64.0352  78.1042  54.6023  99.4836  126.319  75.1534  71.4958  10.431  80.9248  133.184  80.1182  105.384  62.4563  
160  97.8275  160  128.47  160  160  160  160  160  160  160  160  160  160  160  118.915  147.814  130.118  67.8355  101.329  111.753  116.877  160  160  

47.3663  43.1776  25.0162  37.7287  134.908  106.088  120.753  106.322  227.18  230  192.821  230  230  230  194.47  230  189.499  170.631  117.222  93.8824  101.935  84.6672  153.508  109.802  
61.6466  128.698  48.7542  108.715  84.6329  135  116.187  104.584  135  135  135  64.0352  78.1042  54.6023  99.4836  108.77  87.3287  53.2036  34.9081  62.1857  68.4537  49.4756  87.6632  0  
160  97.8275  160  128.47  160  160  160  160  160  160  160  160  160  160  160  160  134.831  85.4921  98.3829  74.9759  81.7718  132.192  160  160  

47.3663  43.1776  25.0162  37.7287  134.908  106.088  120.753  106.322  227.18  230  192.821  230  230  230  194.47  230  189.499  170.631  117.222  93.8824  101.935  84.6672  191.127  73.7819  
61.6466  128.698  48.7542  108.715  84.6329  135  116.187  104.584  135  135  135  64.0352  78.1042  54.6023  99.4836  108.77  87.3287  53.2036  34.9081  62.1857  68.4537  49.4756  90.7897  53.41  
160  97.8275  160  128.47  160  160  160  160  160  160  160  160  160  160  160  160  134.831  85.4921  98.3829  74.9759  81.7718  132.192  131.836  160  

47.3663  43.1776  25.0162  37.7287  134.908  106.088  120.753  106.322  227.18  230  192.821  230  230  230  194.47  230  189.499  170.631  117.222  93.8824  101.935  84.6672  147.196  101.781  
61.6466  128.698  48.7542  108.715  84.6329  135  116.187  104.584  135  135  135  64.0352  78.1042  54.6023  99.4836  108.77  87.3287  53.2036  34.9081  62.1857  68.4537  49.4756  131.419  70.6297  
160  97.8275  160  128.47  160  160  160  160  160  160  160  160  160  160  160  160  134.831  85.4921  98.3829  74.9759  81.7718  132.192  82.0864  116.129  

47.3663  43.1776  25.0162  37.7287  134.908  106.088  120.753  106.322  227.18  230  192.821  230  230  230  194.47  230  189.499  170.631  117.222  93.8824  204.882  81.0437  96.3181  153.795  
61.6466  128.698  48.7542  108.715  84.6329  135  116.187  104.584  135  135  135  64.0352  78.1042  54.6023  99.4836  108.77  87.3287  53.2036  34.9081  62.1857  31.1818  108  46.1647  83.5624  
160  97.8275  160  128.47  160  160  160  160  160  160  160  160  160  160  160  160  134.831  85.4921  98.3829  74.9759  151.261  97.3106  160  160  

47.3663  43.1776  25.0162  37.7287  134.908  106.088  120.753  230  209.656  230  230  171.701  230  111.282  175.834  197.022  134.008  125.51  136.388  88.4784  97.1619  81.2756  142.436  103.836  
61.6466  128.698  48.7542  108.715  84.6329  135  116.187  89.4364  102.068  107.892  97.3555  123.707  112.739  135  113.8  81.4126  117.649  102.904  27.9441  0.38783  43.4668  67.5602  55.4616  33.7809  
160  97.8275  160  128.47  160  160  160  160  125.296  160  160  160  160  160  93.8334  126.301  116.07  120.14  89.6939  97.0068  138.052  97.5395  152.137  155.247  

47.3663  43.1776  25.0162  37.7287  134.908  106.088  120.753  106.322  227.18  230  208.033  202.18  183.259  158.443  141.993  99.2632  201.978  132.329  138.511  117.127  110.228  156.998  135.373  95.292  
61.6466  128.698  48.7542  108.715  84.6329  135  116.187  104.584  135  135  135  135  108.202  121.141  116.666  83.9362  73.0507  67.5052  29.3515  58.7391  52.4978  76.3216  74.5023  47.5854  
160  97.8275  160  128.47  160  160  160  160  160  160  160  160  129.001  160  160  159.667  62.22  125.467  91.449  151.836  120.28  48.5359  160  71.7643  

100.36  58.485  34.3591  49.6104  84.6943  146.857  156.4  230  218.525  230  215.875  230  212.963  129.913  182.884  163.005  126.1  98.8976  169.801  63.7856  105.462  113.517  116.497  199.568  
79.2533  114.929  132.009  135  135  115.712  135  135  135  131.43  135  114.792  129.052  128.568  135  106.728  89.2403  5.13375  69.7783  99.6674  114.27  47.9848  60.8089  35.4901  
153.96  160  160  160  107.157  160  129.535  138.772  160  160  160  160  160  160  160  126.012  109.45  145.949  117.347  127.688  115.653  160  160  121.852  

47.3663  43.1776  25.0162  37.7287  134.908  106.088  120.753  106.322  227.18  230  192.821  230  230  136.611  229.671  142.725  144.555  149.297  150.113  145.433  89.3801  91.71  111.265  114.41  
61.6466  128.698  48.7542  108.715  84.6329  135  116.187  104.584  135  135  135  64.0352  78.1042  105.603  12.5883  135  79.1006  18.9205  56.721  78.1276  59.7748  74.3619  105.348  59.3404  
160  97.8275  160  128.47  160  160  160  160  160  160  160  160  160  160  160  107.737  97.2106  68.8238  125.605  151.87  100.039  160  160  160  

47.3663  43.1776  25.0162  37.7287  134.908  106.088  120.753  106.322  227.18  230  192.821  230  230  230  194.47  183.889  168.64  109.494  132.045  77.2175  100.724  89.0843  134.482  179.679  
61.6466  128.698  48.7542  108.715  84.6329  135  116.187  104.584  135  135  135  64.0352  78.1042  54.6023  99.4836  135  95.7968  112.159  44.7373  12.0409  89.3058  52.3531  73.8569  61.3688  
160  97.8275  160  128.47  160  160  160  160  160  160  160  160  160  160  160  114.467  89.6861  84.326  86.0984  86.1559  111.053  105.374  160  160  

47.3663  43.1776  25.0162  37.7287  134.908  106.088  120.753  106.322  227.18  230  192.821  230  230  230  194.47  230  189.499  170.631  117.222  93.8824  101.935  84.6672  155.231  148.943  
61.6466  128.698  48.7542  108.715  84.6329  135  116.187  104.584  135  135  135  64.0352  78.1042  54.6023  99.4836  108.77  87.3287  53.2036  34.9081  62.1857  68.4537  49.4756  88.9119  42.4679  
160  97.8275  160  128.47  160  160  160  160  160  160  160  160  160  160  160  160  134.831  85.4921  98.3829  74.9759  81.7718  132.192  128.908  160  

47.3663  43.1776  25.0162  37.7287  134.908  93.1558  135.639  172.614  204.647  230  230  230  171.957  154.625  173.066  188.922  69.8257  105.455  63.4171  125.269  138.101  84.6863  163.404  132.934  
61.6466  128.698  48.7542  108.715  84.6329  106.711  135  132.522  135  127.484  135  116.917  135  90.6942  135  126.391  119.016  89.4683  58.2521  64.3174  71.7699  29.1917  46.507  70.7321  
160  97.8275  160  128.47  160  149.793  136.702  160  160  160  160  160  119.423  160  160  119.003  160  81.1709  102.962  105.209  86.4267  100.964  160  116.329  

47.3663  43.1776  25.0162  37.7287  134.908  106.088  120.753  106.322  227.18  230  192.821  230  230  230  194.47  230  189.499  170.631  117.222  93.8824  151.595  149.766  143.338  142.374  
61.6466  128.698  48.7542  108.715  84.6329  135  116.187  104.584  135  135  135  64.0352  78.1042  54.6023  99.4836  108.77  87.3287  53.2036  34.9081  62.1857  81.0988  71.607  56.1151  0.316056  
160  97.8275  160  128.47  160  160  160  160  160  160  160  160  160  160  160  160  134.831  85.4921  98.3829  74.9759  99.5244  103.773  153.164  127.508  

47.3663  43.1776  25.0162  37.7287  134.908  106.088  120.753  106.322  227.18  230  192.821  230  230  230  194.47  230  189.499  170.631  113.864  119.174  158.292  95.266  92.2735  163.118  
61.6466  128.698  48.7542  108.715  84.6329  135  116.187  104.584  135  135  135  64.0352  78.1042  54.6023  99.4836  108.77  87.3287  53.2036  72.0323  40.7795  85.7282  15.795  91.5671  32.1282  
160  97.8275  160  128.47  160  160  160  160  160  160  160  160  160  160  160  160  134.831  85.4921  95.6035  99.3399  160  111.58  160  115.382  

47.3663  43.1776  25.0162  37.7287  134.908  106.088  120.753  106.322  227.18  230  192.821  230  230  230  194.47  230  189.499  170.631  117.222  93.8824  101.935  84.6672  186.758  125.191  
61.6466  128.698  48.7542  108.715  84.6329  135  116.187  104.584  135  135  135  64.0352  78.1042  54.6023  99.4836  108.77  87.3287  53.2036  34.9081  62.1857  68.4537  49.4756  39.2848  46.9154  
160  97.8275  160  128.47  160  160  160  160  160  160  160  160  160  160  160  160  134.831  85.4921  98.3829  74.9759  81.7718  132.192  126.891  160  

47.3663  43.1776  25.0162  37.7287  134.908  106.088  120.753  106.322  227.18  230  192.821  230  230  230  194.47  230  189.499  170.631  117.222  93.8824  121.529  162.524  120.406  117.932  
61.6466  128.698  48.7542  108.715  84.6329  135  116.187  104.584  135  135  135  64.0352  78.1042  54.6023  99.4836  108.77  87.3287  53.2036  34.9081  62.1857  60.3116  39.3336  111.982  80.56  
160  97.8275  160  128.47  160  160  160  160  160  160  160  160  160  160  160  160  134.831  85.4921  98.3829  74.9759  70.3388  116.574  160  160  

47.3663  43.1776  25.0162  37.7287  134.908  106.088  120.753  106.322  227.18  230  192.821  230  230  208.84  212.311  230  175.708  81.6535  184.53  152.746  170.978  120.808  128.761  153.994  
61.6466  128.698  48.7542  108.715  84.6329  135  116.187  104.584  135  135  135  64.0352  78.1042  135  84.5674  108.244  123.627  113.487  40.1932  63.7713  72.8111  0  118.043  45.5732  
160  97.8275  160  128.47  160  160  160  160  160  160  160  160  160  160  157.429  127.813  150.971  109.175  55.8702  77.2059  87.8879  137.21  160  160  

47.3663  43.1776  25.0162  37.7287  134.908  106.088  120.753  106.322  227.18  230  192.821  230  230  230  194.47  230  189.499  170.631  152.598  101.154  146.495  114.569  128.003  145.581  
61.6466  128.698  48.7542  108.715  84.6329  135  116.187  104.584  135  135  135  64.0352  78.1042  54.6023  99.4836  108.77  87.3287  53.2036  58.368  67.166  77.5715  28.3741  69.1558  59.455  
160  97.8275  160  128.47  160  160  160  160  160  160  160  160  160  160  160  160  134.831  85.4921  127.662  160  125.033  160  160  57.9332  

47.3663  43.1776  25.0162  37.7287  134.908  106.088  120.753  106.322  227.18  230  192.821  230  230  230  194.47  230  189.499  170.631  53.4515  104.594  159.764  162.314  162.75  79.6388  
61.6466  128.698  48.7542  108.715  84.6329  135  116.187  104.584  135  135  135  64.0352  78.1042  54.6023  99.4836  108.77  87.3287  53.2036  12.2917  69.5205  86.7455  59.4906  118.536  57.0126  
160  97.8275  160  128.47  160  160  160  160  160  160  160  160  160  160  160  160  134.831  85.4921  160  85.2923  137.915  147.615  160  160  

