190   118.98   166.918   160.975   87.1595   102.292   103.927   72.4667   58.9292   84.0229   90.245   52.0137   88.1508   45.8853   69.0719   51.3254   56.1158   23.9018   43.0679   104.38   113.586   111.939   166.163   144.198   
190   118.98   166.918   160.975   87.1595   119.719   103.566   66.9986   65.7971   63.2976   57.2175   90.6016   57.753   49.9101   73.0907   85.5525   38.8656   27.1426   26.0139   61.5077   84.0931   129.599   115.855   134.889   
190   118.98   166.918   160.975   87.1595   119.719   103.566   66.9986   65.7971   63.2976   57.2175   90.6016   57.753   49.9101   73.0907   85.5525   38.8656   27.1426   48.4568   79.2794   73.9821   108.926   190   166.215   
190   118.98   166.918   160.975   87.1595   119.719   103.566   66.9986   65.7971   63.2976   57.2175   90.6016   57.753   77.987   64.1152   67.1225   38.5595   27.4359   41.9515   95.2584   85.0719   134.236   190   183.79   
190   118.98   166.918   160.975   87.1595   119.719   103.566   66.9986   65.7971   63.2976   57.2175   90.6016   57.753   49.9101   73.0907   85.5525   38.8656   27.1426   26.0139   61.5077   82.6416   79.4423   172.598   190   
190   118.98   166.918   160.975   87.1595   119.719   103.566   66.9986   65.7971   63.2976   57.2175   90.6016   57.753   49.9101   73.0907   57.3745   40.6336   31.2726   65.9755   85.4803   77.7151   70.8194   190   190   
190   118.98   166.918   160.975   87.1595   119.719   103.566   43.6766   79.8561   73.4789   61.0216   74.3947   75.5106   43.0181   26.7791   72.8692   36.5552   11.0191   38.9066   83.2486   107.538   122.425   150.597   190   
190   118.98   166.918   160.975   87.1595   119.719   103.566   66.9986   65.7971   63.2976   57.2175   90.6016   57.753   49.9101   73.0907   85.5525   38.8656   27.1426   26.0139   61.5077   99.229   66.0689   190   167.458   
190   118.98   166.918   160.975   87.1595   119.719   103.566   52.904   80.5659   72.2893   85.4542   78.8135   57.4526   36.7393   51.664   45.1325   66.1232   25.0456   46.2953   67.9152   89.8887   145.14   144.918   172.182   
190   118.98   190   159.096   90.7652   78.1296   97.7832   72.5074   59.6464   50.818   83.4297   81.1733   60.1669   30.5361   32.8727   41.537   11.9595   18.4951   44.0855   88.715   75.5336   105.444   174.292   183.017   
190   118.98   166.918   160.975   87.1595   119.719   103.566   66.9986   65.7971   63.2976   57.2175   90.6016   57.753   49.9101   73.0907   85.5525   38.8656   27.1426   40.4751   80.5557   131.019   92.875   123.265   190   
190   118.98   166.918   160.975   87.1595   119.719   103.566   66.9986   65.7971   63.2976   57.2175   90.6016   57.753   49.9101   73.0907   44.3109   67.4358   11.3094   18.9965   101.899   64.4657   136.724   144.024   190   
190   118.98   166.918   160.975   87.1595   119.719   103.566   66.9986   65.7971   63.2976   103.436   60.9728   99.9976   81.8528   50.9066   118.418   51.4935   19.2263   22.8833   82.566   125.303   136.738   170.79   190   
190   118.98   166.918   160.975   87.1595   119.719   103.566   66.9986   65.7971   63.2976   57.2175   90.6016   57.753   49.9101   73.0907   85.5525   38.8656   27.1426   26.0139   61.5077   77.7477   122.787   122.687   190   
190   118.98   166.918   160.975   87.1595   119.719   103.566   66.9986   65.7971   63.2976   57.2175   90.6016   57.753   66.5265   49.2338   61.5177   53.7198   40.1091   58.1011   73.6544   92.3175   108.947   168.265   134.492   
190   118.98   166.918   160.975   87.1595   119.719   103.566   66.9986   65.7971   63.2976   57.2175   90.6016   57.753   49.9101   73.0907   85.5525   38.8656   27.1426   26.0139   61.5077   99.229   66.0689   142.915   190   
190   118.98   166.918   160.975   87.1595   119.719   103.566   66.9986   65.7971   63.2976   57.2175   90.6016   57.753   49.9101   73.0907   85.5525   38.8656   27.1426   26.0139   61.5077   99.229   66.0689   153.214   190   
190   118.98   166.918   160.975   87.1595   119.719   103.566   66.9986   65.7971   63.2976   57.2175   90.6016   57.753   49.9101   73.0907   85.5525   38.8656   27.1426   26.0139   61.5077   99.229   66.0689   190   190   
190   118.98   166.918   160.975   87.1595   119.719   103.566   66.9986   65.7971   63.2976   57.2175   90.6016   57.753   49.9101   73.0907   85.5525   38.8656   27.1426   52.8821   84.5412   112.084   123.817   190   190   
190   118.98   166.918   160.975   87.1595   119.719   103.566   66.9986   65.7971   63.2976   57.2175   90.6016   57.753   49.9101   73.0907   85.5525   38.8656   27.1426   26.0139   61.5077   99.229   66.0689   141.666   171.578   
