232.7   446.308   386.311   348.963   343.664   368.076   371.09   436.096   333.303   412.149   406.171   450   397.119   438.271   432.679   366.529   249.388   271.925   325.701   268.435   263.385   314.973   287.377   246.225
288.939   450   358.381   394.615   378.179   416.744   349.806   387.218   362.128   419.81   450   402.66   387.926   450   310.698   375.822   326.855   353.932   245.241   252.536   245.142   341.571   356.312   272.413
322.916   437.718   409.804   439.452   431.105   403.651   351.136   450   390.169   442.47   443.977   390.137   352.848   380.277   420.182   360.472   311.93   319.88   285.815   247.745   313.169   276.709   373.987   189.57
313.769   420.969   381.425   323.617   439.928   392.822   450   450   420.001   420.011   362.212   341.419   433.393   450   399.696   379.741   295.084   305.454   311.748   287.229   284.41   312.391   369.094   363.982
325.24   198.862   405.236   396.927   446.596   424.512   450   428.949   427.777   389.659   395.905   450   347.632   433.766   412.315   297.513   293.92   217.221   211.013   247.125   327.657   217.283   326.212   227.153
401.977   309.376   373.704   386.168   450   379.507   381.037   448.332   325.601   360.748   450   437.121   448.801   447.228   366.097   394.406   225.525   401.57   294.12   296.12   270.452   299.663   350.841   293.801
208.699   447.068   402.233   341.636   439.345   361.368   410.304   367.701   362.949   385.828   450   450   450   450   450   414.995   298.44   301.845   259.374   268.352   257.564   234.176   306.464   248.394



