系统当前时间：2015.4.29  14:43:11

Unit:
1   25   100   5   5   50   50   50   0.0128   17.82   10.15   1   
4   5   30   1   1   15   15   40   0.06966   26.2438   31.67   1   
6   5   30   1   1   15   15   40   0.06966   26.2438   31.67   1   
8   5   30   1   1   15   15   40   0.06966   26.2438   31.67   1   
10   150   300   8   8   150   150   440   0.01088   12.8875   6.78   1   
12   100   300   8   8   150   150   110   0.01088   12.8875   6.78   1   
15   10   30   1   1   15   15   40   0.06966   26.2438   31.67   1   
18   25   100   5   5   50   50   50   0.0128   17.82   10.15   1   
19   5   30   1   1   15   15   40   0.06966   26.2438   31.67   1   
24   5   30   1   1   15   15   40   0.06966   26.2438   31.67   1   
25   100   300   8   8   150   150   100   0.01088   12.8875   6.78   1   
26   100   350   8   8   175   175   100   0.003   10.76   32.96   1   
27   8   30   1   1   15   15   40   0.06966   26.2438   31.67   1   
31   8   30   1   1   15   15   40   0.06966   26.2438   31.67   1   
32   25   100   5   5   50   50   50   0.0128   17.82   10.15   1   
34   8   30   1   1   15   15   40   0.06966   26.2438   31.67   1   
36   25   100   5   5   50   50   50   0.0128   17.82   10.15   1   
40   8   30   1   1   15   15   40   0.06966   26.2438   31.67   1   
42   8   30   1   1   15   15   40   0.06966   26.2438   31.67   1   
46   25   100   5   5   50   50   59   0.0128   17.82   10.15   1   
49   50   250   8   8   125   125   100   0.0024   12.3299   28   1   
54   50   250   8   8   125   125   100   0.0024   12.3299   28   1   
55   25   100   5   5   50   50   50   0.0128   17.82   10.15   1   
56   25   100   5   5   50   50   50   0.0128   17.82   10.15   1   
59   50   200   8   8   100   100   100   0.0044   13.29   39   1   
61   50   200   8   8   100   100   100   0.0044   13.29   39   1   
62   25   100   5   5   50   50   50   0.0128   17.82   10.15   1   
65   100   420   10   10   210   210   250   0.01059   8.33915   64.16   1   
66   100   420   10   10   210   210   250   0.01059   8.33915   64.16   1   
69   80   300   8   8   150   150   100   0.01088   12.8875   6.78   1   
70   30   80   4   4   40   40   45   0.04592   15.4708   74.33   1   
72   10   30   1   1   15   15   40   0.06966   26.2438   31.67   1   
73   5   30   1   1   15   15   40   0.06966   26.2438   31.67   1   
74   5   20   1   1   10   10   30   0.0283   37.6968   17.95   1   
76   25   100   5   5   50   50   50   0.0128   17.82   10.15   1   
77   25   100   5   5   50   50   50   0.0128   17.82   10.15   1   
80   150   300   8   8   150   150   440   0.01088   12.8875   6.78   1   
85   10   30   1   1   15   15   40   0.06966   26.2438   31.67   1   
87   100   300   8   8   150   150   440   0.003   10.76   32.96   1   
89   50   200   8   8   100   100   400   0.01088   12.8875   6.78   1   
90   8   20   1   1   10   10   30   0.0283   37.6968   17.95   1   
91   20   50   1   1   25   25   45   0.00977   22.9423   58.81   1   
92   100   300   8   8   150   150   100   0.01088   12.8875   6.78   1   
99   100   300   8   8   150   150   100   0.01088   12.8875   6.78   1   
100   100   300   8   8   150   150   110   0.01088   12.8875   6.78   1   
103   8   20   1   1   10   10   30   0.0283   37.6968   17.95   1   
104   25   100   5   5   50   50   50   0.0128   17.82   10.15   1   
105   25   100   5   5   50   50   50   0.0128   17.82   10.15   1   
107   8   20   1   1   10   10   30   0.0283   37.6968   17.95   1   
110   25   50   2   2   25   25   45   0.00977   22.9423   58.81   1   
111   25   100   5   5   50   50   50   0.0128   17.82   10.15   1   
112   25   100   5   5   50   50   50   0.0128   17.82   10.15   1   
113   25   100   5   5   50   50   50   0.0128   17.82   10.15   1   
116   25   50   2   2   25   25   45   0.00977   22.9423   58.81   1   

Info_Branch:
1   2   0.0303   0.0999   175   
1   3   0.0129   0.0424   175   
4   5   0.00176   0.00798   500   
3   5   0.0241   0.108   175   
5   6   0.0119   0.054   175   
6   7   0.00459   0.0208   175   
8   9   0.00244   0.0305   500   
8   5   0   0.0267   500   
9   10   0.00258   0.0322   500   
4   11   0.0209   0.0688   175   
5   11   0.0203   0.0682   175   
11   12   0.00595   0.0196   175   
2   12   0.0187   0.0616   175   
3   12   0.0484   0.16   175   
7   12   0.00862   0.034   175   
11   13   0.02225   0.0731   175   
12   14   0.0215   0.0707   175   
13   15   0.0744   0.2444   175   
14   15   0.0595   0.195   175   
12   16   0.0212   0.0834   175   
15   17   0.0132   0.0437   500   
16   17   0.0454   0.1801   175   
17   18   0.0123   0.0505   175   
18   19   0.01119   0.0493   175   
19   20   0.0252   0.117   175   
15   19   0.012   0.0394   175   
20   21   0.0183   0.0849   175   
21   22   0.0209   0.097   175   
22   23   0.0342   0.159   175   
23   24   0.0135   0.0492   175   
23   25   0.0156   0.08   500   
26   25   0   0.0382   500   
25   27   0.0318   0.163   500   
27   28   0.01913   0.0855   175   
28   29   0.0237   0.0943   175   
30   17   0   0.0388   500   
8   30   0.00431   0.0504   175   
26   30   0.00799   0.086   500   
17   31   0.0474   0.1563   175   
29   31   0.0108   0.0331   175   
23   32   0.0317   0.1153   140   
31   32   0.0298   0.0985   175   
27   32   0.0229   0.0755   175   
15   33   0.038   0.1244   175   
19   34   0.0752   0.247   175   
35   36   0.00224   0.0102   175   
35   37   0.011   0.0497   175   
33   37   0.0415   0.142   175   
34   36   0.00871   0.0268   175   
34   37   0.00256   0.0094   500   
38   37   0   0.0375   500   
37   39   0.0321   0.106   175   
37   40   0.0593   0.168   175   
30   38   0.00464   0.054   175   
39   40   0.0184   0.0605   175   
40   41   0.0145   0.0487   175   
40   42   0.0555   0.183   175   
41   42   0.041   0.135   175   
43   44   0.0608   0.2454   175   
34   43   0.0413   0.1681   175   
44   45   0.0224   0.0901   175   
45   46   0.04   0.1356   175   
46   47   0.038   0.127   175   
46   48   0.0601   0.189   175   
47   49   0.0191   0.0625   175   
42   49   0.0715   0.323   175   
42   49   0.0715   0.323   175   
45   49   0.0684   0.186   175   
48   49   0.0179   0.0505   175   
49   50   0.0267   0.0752   175   
49   51   0.0486   0.137   175   
51   52   0.0203   0.0588   175   
52   53   0.0405   0.1635   175   
53   54   0.0263   0.122   175   
49   54   0.073   0.289   175   
49   54   0.0869   0.291   175   
54   55   0.0169   0.0707   175   
54   56   0.00275   0.00955   175   
55   56   0.00488   0.0151   175   
56   57   0.0343   0.0966   175   
50   57   0.0474   0.134   175   
56   58   0.0343   0.0966   175   
51   58   0.0255   0.0719   175   
54   59   0.0503   0.2293   175   
56   59   0.0825   0.251   175   
56   59   0.0803   0.239   175   
55   59   0.04739   0.2158   175   
59   60   0.0317   0.145   175   
59   61   0.0328   0.15   175   
60   61   0.00264   0.0135   500   
60   62   0.0123   0.0561   175   
61   62   0.00824   0.0376   175   
63   59   0   0.0386   500   
63   64   0.00172   0.02   500   
64   61   0   0.0268   500   
38   65   0.00901   0.0986   500   
64   65   0.00269   0.0302   500   
49   66   0.018   0.0919   500   
49   66   0.018   0.0919   500   
62   66   0.0482   0.218   175   
62   67   0.0258   0.117   175   
65   66   0   0.037   500   
66   67   0.0224   0.1015   175   
65   68   0.00138   0.016   500   
47   69   0.0844   0.2778   175   
49   69   0.0985   0.324   175   
68   69   0   0.037   500   
69   70   0.03   0.127   500   
24   70   0.00221   0.4115   175   
70   71   0.00882   0.0355   175   
24   72   0.0488   0.196   175   
71   72   0.0446   0.18   175   
71   73   0.00866   0.0454   175   
70   74   0.0401   0.1323   175   
70   75   0.0428   0.141   175   
69   75   0.0405   0.122   500   
74   75   0.0123   0.0406   175   
76   77   0.0444   0.148   175   
69   77   0.0309   0.101   175   
75   77   0.0601   0.1999   175   
77   78   0.00376   0.0124   175   
78   79   0.00546   0.0244   175   
77   80   0.017   0.0485   500   
77   80   0.0294   0.105   500   
79   80   0.0156   0.0704   175   
68   81   0.00175   0.0202   500   
81   80   0   0.037   500   
77   82   0.0298   0.0853   200   
82   83   0.0112   0.03665   200   
83   84   0.0625   0.132   175   
83   85   0.043   0.148   175   
84   85   0.0302   0.0641   175   
85   86   0.035   0.123   500   
86   87   0.02828   0.2074   500   
85   88   0.02   0.102   175   
85   89   0.0239   0.173   175   
88   89   0.0139   0.0712   500   
89   90   0.0518   0.188   500   
89   90   0.0238   0.0997   500   
90   91   0.0254   0.0836   175   
89   92   0.0099   0.0505   500   
89   92   0.0393   0.1581   500   
91   92   0.0387   0.1272   175   
92   93   0.0258   0.0848   175   
92   94   0.0481   0.158   175   
93   94   0.0223   0.0732   175   
94   95   0.0132   0.0434   175   
80   96   0.0356   0.182   175   
82   96   0.0162   0.053   175   
94   96   0.0269   0.0869   175   
80   97   0.0183   0.0934   175   
80   98   0.0238   0.108   175   
80   99   0.0454   0.206   200   
92   100   0.0648   0.295   175   
94   100   0.0178   0.058   175   
95   96   0.0171   0.0547   175   
96   97   0.0173   0.0885   175   
98   100   0.0397   0.179   175   
99   100   0.018   0.0813   175   
100   101   0.0277   0.1262   175   
92   102   0.0123   0.0559   175   
101   102   0.0246   0.112   175   
100   103   0.016   0.0525   500   
100   104   0.0451   0.204   175   
103   104   0.0466   0.1584   175   
103   105   0.0535   0.1625   175   
100   106   0.0605   0.229   175   
104   105   0.00994   0.0378   175   
105   106   0.014   0.0547   175   
105   107   0.053   0.183   175   
105   108   0.0261   0.0703   175   
106   107   0.053   0.183   175   
108   109   0.0105   0.0288   175   
103   110   0.03906   0.1813   175   
109   110   0.0278   0.0762   175   
110   111   0.022   0.0755   175   
110   112   0.0247   0.064   175   
17   113   0.00913   0.0301   175   
32   113   0.0615   0.203   500   
32   114   0.0135   0.0612   175   
27   115   0.0164   0.0741   175   
114   115   0.0023   0.0104   175   
68   116   0.00034   0.00405   500   
12   117   0.0329   0.14   175   
75   118   0.0145   0.0481   175   
76   118   0.0164   0.0544   175   


Sw:
-1   -1   -1   -1   -1   -1   -1   -1   -1   -1   -1   0   -1   -1   -1   -1   -1   -1   -1   -1   
-1   -1   -1   -1   -1   -1   -1   -1   -1   -1   -1   -1   -1   -1   -1   -1   -1   -1   -1   -1   
-1   -1   -1   -1   -1   -1   -1   -1   -1   -1   -1   -1   -1   -1   -1   -1   -1   -1   -1   -1   
-1   -1   -1   -1   -1   -1   -1   -1   -1   -1   -1   -1   -1   -1   -1   -1   -1   -1   -1   -1   
-1   -1   -1   -1   -1   -1   -1   -1   -1   -1   -1   -1   -1   -1   -1   -1   -1   -1   -1   -1   
-1   -1   -1   -1   -1   -1   -1   -1   -1   -1   -1   -1   -1   -1   -1   -1   -1   -1   


State and Output of Unit:
State:
-0   -0   1   -0   0   1   -0   -0   -0   -0   1   1   -0   -0   -0   -0   -0   -0   -0   -0   
1   1   -0   -0   1   1   -0   1   1   1   -0   -0   -0   -0   -0   -0   1   -0   1   1   
-0   -0   1   1   1   -0   -0   -0   -0   -0   -0   -0   -0   -0   
Output:
0   0   4.99997   0   0   106.86   0   0   0   0   106.892   349.999   0   0   0   0   0   0   0   0   
249.999   249.999   0   0   199.999   199.999   0   339.999   339.999   135   0   0   0   0   0   0   150   0   299.999   125   
0   0   107.794   107.896   107.959   0   0   0   0   0   0   0   0   0   
PL:
-23.4471   -24.621   -41.3129   -36.9787   28.5883   -15.421   0   124.864   0   13.035   17.9836   -57.9924   -42.2961   -24.3992   -33.3289   23.0349   12.0127   -9.00751   -1.18068   5.68694   
-76.9873   -17.8766   61.7173   5.17027   -8.37698   0.18461   -25.3438   -38.5372   -47.9661   -24.8918   -120.112   131.543   118.323   31.4439   15.4182   179.679   -124.864   218.457   15.7176   -7.20417   
90.4413   -32.0169   9.93731   -18.2105   -28.6807   1.04393   -32.1453   -39.8918   28.1752   -90.7631   188.119   17.0521   8.26714   -86.0858   -6.91977   3.90468   -20.3143   -28.9457   -37.6799   -21.6986   
-51.8855   -33.7028   -30.723   -27.8395   -58.5996   -82.1104   -82.1104   -65.2387   -45.5965   14.7069   17.4158   10.4478   -5.53346   -25.954   -3.70523   -3.67977   19.1997   110.831   -19.8002   11.0407   
-0.386543   18.7796   -8.12546   -10.0177   -13.3685   -14.0397   -16.9345   -19.131   -26.3081   -86.8314   -1.55169   28.861   40.8166   -40.8166   -57.9986   -274.205   17.182   -116.529   -116.529   -20.551   
-20.504   -147.789   20.504   230.767   -2.31016   9.32319   123.495   93.5751   -14.9735   68.5163   -9.91829   9.91829   58.598   12.3392   -2.25339   94.8063   -48.0345   -55.4297   52.266   -31.4535   
43.8562   -19.181   -76.5406   -35.354   -53.8071   107.272   107.272   -56.0913   -138.56   -65.4139   -90.9033   -75.1802   -281.355   -299.999   55.7189   38.2439   13.1022   52.3121   98.6427   -16.9401   
124.034   39.6186   -16.9401   48.1419   43.2059   37.4878   27.4727   4.16209   34.5253   7.54121   10.6439   23.032   -26.3321   26.8851   19.0443   -9.81691   2.67386   -7.15484   81.5638   -14.9725   
38.9444   -34.5052   115.619   46.7957   21.9466   29.5354   48.0056   35.0041   2.26343   12.7682   21.9847   12.0916   20.209   43.7161   13.1062   0   22.1962   -2.99015   2.99015   9.76573   
18.5034   2.22789   -7.01771e-012   18.849   34.243   -4.94401   
Min/Max:108.502

常规机组出力调整量:
0  0  3e-005  0  0  -6.86  0  0  0  0  -6.892  -8.75  0  0  0  0  0  0  0  0  -6.25  -6.25  0  0  -5  -5  0  -10.5  -10.5  -7.5  0  0  0  0  0  0  0  0  -7.5  -5  0  0  -7.5  -7.5  -7.5  0  0  0  0  0  0  0  0  0  
风电机组出力调整量:
108.502  
totaltime: 0.125s

