0   0   0   0   0   0   0   0   0   0   0   0   0   25   25   25   25   25   0   0   0   0   0   0   

0   0   0   0   0   0   0   0   0   0   0   0   0   0   0   0   0   0   0   0   0   0   0   0   

0   0   0   0   0   0   0   0   0   0   0   0   0   0   0   0   0   0   0   0   0   0   0   0   

0   0   0   0   0   0   0   0   0   0   0   0   0   0   0   0   0   0   0   0   0   0   0   0   

0   0   0   0   0   0   0   0   150   150   150   150   150   150   150   150   150   150   150   150   150   150   150   0   

0   0   0   0   0   0   0   0   100   100   100   100   100   100   100   100   100   100   100   100   100   100   100   0   

0   0   0   0   0   0   0   0   0   0   0   0   0   0   0   0   0   0   0   0   0   0   0   0   

0   0   0   0   0   0   0   0   0   0   0   0   0   25   25   25   25   25   0   0   0   0   0   0   

0   0   0   0   0   0   0   0   0   0   0   0   0   0   0   0   0   0   0   0   0   0   0   0   

0   0   0   0   0   0   0   0   0   0   0   0   0   0   0   0   0   0   0   0   0   0   0   0   

100   100   100   100   100   100   100   100   100   100   100   100   100   100   100   100   100   100   100   100   100   100   100   100   

350   346.2   287.5   225   225   251.94   350   350   350   350   350   350   350   350   350   350   350   350   350   350   350   350   350   350   

0   0   0   0   0   0   0   0   0   0   0   0   0   0   0   0   0   0   0   0   0   0   0   0   

0   0   0   0   0   0   0   0   0   0   0   0   0   0   0   0   0   0   0   0   0   0   0   0   

0   0   0   0   0   0   0   0   0   0   25   25   25   25   25   0   0   0   0   0   0   0   0   0   

0   0   0   0   0   0   0   0   0   0   0   0   0   0   0   0   0   0   0   0   0   0   0   0   

0   0   0   0   0   0   0   0   25   25   25   25   25   0   0   0   0   0   0   0   0   25   25   25   

0   0   0   0   0   0   0   0   0   0   0   0   0   0   0   0   0   0   0   0   0   0   0   0   

0   0   0   0   0   0   0   0   0   0   0   0   0   0   0   0   0   0   0   0   0   0   0   0   

0   0   0   0   0   0   0   25   25   25   25   25   0   0   0   0   0   0   0   0   0   0   0   0   

150   50   57.7519   61.3501   51.35   50   81.158   191.241   250   250   250   250   250   250   250   250   250   250   250   250   250   250   250   175.58   

150   50   57.7481   61.3499   51.35   50   81.1621   191.239   250   250   250   250   250   250   250   250   250   250   250   250   250   250   250   175.58   

0   0   0   0   0   0   0   25   25   25   25   25   0   0   0   0   0   0   0   0   0   0   0   0   

0   0   0   0   0   0   0   0   0   0   0   0   0   0   0   0   0   0   0   0   0   0   0   0   

50   50   50   50   50   50   50   50   64.955   162.5   162.5   162.5   174.985   200   200   194.255   200   200   195.895   178.43   171.63   162.5   105.755   50   

50   50   50   50   50   50   50   50   64.955   162.5   162.5   162.5   174.985   200   200   194.255   200   200   195.895   178.43   171.63   162.5   105.755   50   

0   0   0   0   0   0   0   0   0   0   0   0   0   0   0   0   0   0   0   0   0   0   0   0   

189.558   180   180   180   180   180   180   260   260   297.425   330.285   330.45   340   340   340   340   340   340   340   340   340   323.795   260   260   

189.562   180   180   180   180   180   180   260   260   297.425   330.285   330.45   340   340   340   340   340   340   340   340   340   323.795   260   260   

80   80   80   80   80   80   80   80   80   80   80   80   80   80   80   80   80   85.88   80   80   80   80   80   80   

0   0   0   0   0   0   0   0   0   0   0   0   0   0   0   0   0   0   0   0   0   0   0   0   

0   0   0   0   0   0   0   0   0   0   0   0   0   0   0   0   0   0   0   0   0   0   0   0   

0   0   0   0   0   0   0   0   0   0   0   0   0   0   0   0   0   0   0   0   0   0   0   0   

0   0   0   0   0   0   0   0   0   0   0   0   0   0   0   0   0   0   0   0   0   0   0   0   

0   0   0   0   0   0   0   0   0   0   0   25   25   25   25   25   0   0   0   0   0   0   0   0   

0   0   0   0   0   0   0   0   0   0   0   0   0   0   0   0   0   0   0   0   0   25   25   25   

150   150   150   150   150   150   150   150   150   150   150   150   150   150   150   150   150   150   150   150   150   150   150   150   

0   0   0   0   0   0   0   0   0   0   0   0   0   0   0   0   0   0   0   0   0   0   0   0   

300   300   262.14   249.98   249.98   250   300   300   300   300   300   300   300   300   300   300   300   300   300   300   300   300   300   300   

50   50   50   50   50   50   50   50   50   87.5   87.5   87.5   87.5   94.8   98   87.5   102.08   125   87.5   87.5   87.5   87.5   50   50   

0   0   0   0   0   0   0   0   0   0   0   0   0   0   0   0   0   0   0   0   0   0   0   0   

0   0   0   0   0   0   0   0   0   0   0   0   0   0   0   0   0   0   0   0   0   0   0   0   

100   100   100   100   100   100   100   100   100   100   100   100   100   100   100   100   100   100   100   100   100   100   100   100   

100   100   100   100   100   100   100   100   100   100   100   100   100   100   100   100   100   100   100   100   100   100   100   100   

100   100   100   100   100   100   100   100   100   100   100   100   100   100   100   100   100   100   100   100   100   100   100   100   

0   0   0   0   0   0   0   0   0   0   0   0   0   0   0   0   0   0   0   0   0   0   0   0   

0   0   0   0   0   0   0   0   25   25   25   25   25   0   0   0   0   0   0   0   0   0   0   0   

0   0   0   0   0   0   0   0   0   0   25   25   25   25   25   0   0   0   0   0   0   0   25   25   

0   0   0   0   0   0   0   0   0   0   0   0   0   0   0   0   0   0   0   0   0   0   0   0   

0   0   0   0   0   0   0   0   0   0   0   0   0   0   0   0   0   0   0   0   0   0   0   0   

0   0   0   0   0   0   0   25   25   25   25   25   0   0   0   0   0   0   0   0   0   0   0   0   

0   0   0   0   0   0   0   0   0   0   0   0   0   0   0   0   0   0   0   0   0   25   25   25   

0   0   0   0   0   0   0   0   0   0   0   0   0   0   0   0   0   0   0   0   0   25   25   25   

0   0   0   0   0   0   0   0   0   0   0   0   0   0   0   0   0   0   0   0   0   0   0   0







0   0   0   0   0   0   0   0   0   0   0   0   0   25   25   25   25   25   0   0   0   0   0   0   

0   0   0   0   0   0   0   0   0   0   0   0   0   0   0   0   0   0   0   0   0   0   0   0   

0   0   0   0   0   0   0   0   0   0   0   0   0   0   0   0   0   0   0   0   0   0   0   0   

0   0   0   0   0   0   0   0   0   0   0   0   0   0   0   0   0   0   0   0   0   0   0   0   

150   150   150   150   150   150   150   150   150   150   150   150   150   150   150   150   150   150   150   150   150   150   150   150   

0   0   0   0   0   0   0   0   100   100   100   100   100   100   100   100   100   100   100   100   100   100   100   0   

0   0   0   0   0   0   0   0   0   0   0   0   0   0   0   0   0   0   0   0   0   0   0   0   

0   0   0   0   0   0   0   0   0   0   0   0   0   25   25   25   25   25   0   0   0   0   0   0   

0   0   0   0   0   0   0   0   5   0   0   0   0   0   0   0   0   0   0   0   0   0   0   0   

0   0   0   0   0   0   0   0   0   0   0   0   0   0   0   0   0   0   0   0   0   0   0   0   

100   100   100   100   100   100   100   100   100   100   100   100   100   100   100   100   100   100   100   100   100   100   100   100   

350   287.132   260.52   247.68   227.68   197.13   243.654   350   350   350   350   350   350   350   350   350   350   350   350   350   350   350   350   350   

0   0   0   0   0   0   0   0   0   0   0   0   0   0   0   0   0   0   0   0   0   0   0   0   

0   0   0   0   0   0   0   0   0   0   0   0   0   0   0   0   0   0   0   0   0   0   0   0   

0   0   0   0   0   0   0   0   0   0   0   0   0   0   0   0   0   0   0   0   0   0   0   0   

0   0   0   0   0   0   0   0   0   0   0   0   0   0   0   0   0   0   0   0   0   0   0   0   

0   0   0   0   0   0   0   0   0   0   0   0   0   0   0   0   0   0   0   0   0   0   0   0   

0   0   0   0   0   0   0   0   0   0   0   0   0   0   0   0   0   0   0   0   0   0   0   0   

0   0   0   0   0   0   0   0   0   0   0   0   0   0   0   0   0   0   0   0   0   0   0   0   

0   0   0   0   0   0   0   0   0   0   25   25   25   25   25   0   0   0   0   0   0   25   25   25   

150   59.0684   50.0002   50   50   50.0001   118.666   190.557   250   250   250   250   250   250   250   250   250   250   250   250   250   250   250   200.58   

150   99.9997   54.6197   50   50   54.8102   150   191.923   250   250   250   250   250   250   250   250   250   250   250   250   250   250   250   200.58   

0   0   0   0   0   0   0   0   0   0   0   0   0   0   0   0   0   0   0   0   0   25   25   25   

0   0   0   0   0   0   0   25   25   25   25   25   0   0   0   0   0   0   0   0   0   0   25   25   

50   50   50   50   50   50   50   50   74.9597   162.5   165.287   177.972   175.004   200   200   194.259   194.793   200   195.897   178.482   172.287   192.59   125   50   

50   50   50   50   50   50   50   50   74.9503   162.5   165.283   177.928   174.966   200   200   194.251   194.787   200   195.893   178.378   170.973   150   50   0   

0   0   0   0   0   0   0   0   0   0   0   0   0   0   0   0   0   0   0   0   0   0   25   25   

189.544   180   180   180   180   180   180   260   260   309.746   340   340   340   340   340   340   340   340   340   340   340   340   260   260   

189.576   180   180   180   180   180   180   260   260   310.104   340   340   340   340   340   340   340   340   340   340   340   340   260   260   

80   80   80   80   80   80   80   80   80   80   80   80   80   80   80   80   80   85.88   80   80   80   80   80   80   

0   0   0   0   0   0   0   0   0   0   0   0   0   0   0   0   0   0   0   0   0   0   0   0   

0   0   0   0   0   0   0   0   0   0   0   0   0   0   0   0   0   0   0   0   0   0   0   0   

0   0   0   0   0   0   0   0   0   0   0   0   0   0   0   0   0   0   0   0   0   0   0   0   

0   0   0   0   0   0   0   0   0   0   0   0   0   0   0   0   0   0   0   0   0   0   0   0   

0   0   0   0   0   0   0   0   25   25   25   25   25   0   0   0   0   0   0   0   0   0   0   0   

0   0   0   0   0   0   0   0   0   0   25   25   25   25   25   0   0   0   0   0   0   0   25   25   

0   0   0   0   0   0   0   0   150   150   150   150   150   150   150   150   150   150   150   150   150   150   150   0   

0   0   0   0   0   0   0   0   0   0   0   0   0   0   0   0   0   0   0   0   0   0   0   0   

300   300   300   250   250   300   300   300   300   300   300   300   300   300   300   300   300   300   300   300   300   300   300   300   

50   50   50   50   50   50   50   50   50   87.5   87.5   87.5   87.5   94.8   98   87.5   87.5   125   87.5   87.5   87.5   87.5   86.51   50   

0   0   0   0   0   0   0   0   0   0   0   0   0   0   0   0   0   0   0   0   0   0   0   0   

0   0   0   0   0   0   0   0   0   0   0   0   0   0   0   0   0   0   0   0   0   0   0   0   

100   100   100   100   100   100   100   100   100   100   100   100   100   100   100   100   100   100   100   100   100   100   100   100   

100   100   100   100   100   100   100   100   100   100   100   100   100   100   100   100   100   100   100   100   100   100   100   100   

100   100   100   100   100   100   100   100   100   100   100   100   100   100   100   100   100   100   100   100   100   100   100   100   

0   0   0   0   0   0   0   0   0   0   0   0   0   0   0   0   0   0   0   0   0   0   0   0   

0   0   0   0   0   0   0   0   0   0   0   0   25   25   25   25   25   0   0   0   0   0   0   0   

0   0   0   0   0   0   0   25   25   25   25   25   25   0   0   0   0   0   0   0   0   0   0   0   

0   0   0   0   0   0   0   0   0   0   0   0   0   0   0   0   0   0   0   0   0   0   0   0   

0   0   0   0   0   0   0   0   0   0   0   0   0   0   0   0   0   0   0   0   0   0   0   0   

0   0   0   0   0   0   0   0   0   0   0   0   0   0   0   0   0   0   0   0   0   0   0   0   

0   0   0   0   0   0   0   25   25   25   25   25   0   0   0   0   0   0   0   0   0   0   0   0   

0   0   0   0   0   0   0   0   0   0   0   0   0   0   0   0   0   0   0   0   0   0   0   0   

0   0   0   0   0   0   0   0   0   0   0   0   0   0   0   0   0   0   0   0   0   0   0   0


